1 2887.7008201693534 14 0.00912928581237793
2 2961.595510652277 14 0.009534597396850586
3 3161.595510652277 15 0.009904623031616211
4 3361.595510652277 16 0.010309457778930664
5 3561.595510652277 17 0.010720252990722656
6 3629.9580583827205 17 0.011152267456054688
7 3829.9580583827205 18 0.011590957641601562
8 3916.671872550605 18 0.012047052383422852
9 4116.671872550605 19 0.01250457763671875
10 4316.671872550605 20 0.012980222702026367
11 4516.671872550605 21 0.013481855392456055
12 4716.671872550605 22 0.014002084732055664
13 4907.339317816166 22 0.014568805694580078
14 5107.339317816166 23 0.015091419219970703
15 5307.339317816166 24 0.015635967254638672
16 5507.339317816166 25 0.016196727752685547
17 5595.315718603065 25 0.0167844295501709
18 5701.350459715167 25 0.01737356185913086
19 5901.350459715167 26 0.01796436309814453
20 6095.47960307269 26 0.018612384796142578
21 6139.416235172893 27 0.019227027893066406
22 6210.318335653382 27 0.019851207733154297
23 6323.604521485498 28 0.02048015594482422
24 6378.188793501008 28 0.021124839782714844
25 6433.777697474135 28 0.021770954132080078
26 6633.777697474135 29 0.022430896759033203
27 6804.247638241834 29 0.023095369338989258
28 6813.580192976273 30 0.023758888244628906
29 7013.580192976273 31 0.0244448184967041
30 7213.580192976273 32 0.025143146514892578
31 7275.017990118307 32 0.025844335556030273
32 7136.51337586034 32 0.02655482292175293
33 7102.731294348478 32 0.02752685546875
34 7151.043113346758 32 0.02827620506286621
35 7039.211080430118 32 0.029005765914916992
36 7198.484164770425 32 0.02971506118774414
37 7327.582064289936 33 0.03042745590209961
38 7527.582064289936 34 0.031142711639404297
39 7672.997792274426 35 0.03188657760620117
40 7817.408888301299 36 0.03264760971069336
41 7981.06669509266 36 0.0334019660949707
42 8010.596754324961 37 0.034157752990722656
43 8210.59675432496 38 0.03494071960449219
44 8410.59675432496 39 0.03574633598327637
45 8467.876087187276 39 0.03656792640686035
46 8501.670775003922 39 0.03735852241516113
47 8678.304297992066 40 0.038141489028930664
48 8806.051638391828 41 0.03896689414978027
49 8957.739819393548 42 0.03978371620178223
50 9075.442708952663 43 0.040633440017700195
51 9075.050024841701 43 0.04148745536804199
52 9170.282509800381 43 0.04234933853149414
53 9370.282509800381 44 0.04320478439331055
54 9469.152787989655 44 0.04407906532287598
55 9669.152787989655 45 0.044951438903808594
56 9705.494981198295 46 0.04584693908691406
57 9802.994981198295 46 0.04677414894104004
58 9873.750917513727 46 0.047689199447631836
59 2592.718276093537 51 0.06369709968566895
60 2701.1112198675464 51 0.06397604942321777
61 2749.6190304611287 51 0.06424236297607422
62 2949.6190304611287 52 0.06450629234313965
63 2949.6190304611287 52 0.06478476524353027
64 3149.6190304611287 53 0.0650641918182373
65 3221.591006467169 53 0.06536006927490234
66 3260.284637075849 53 0.0656578540802002
67 3451.336091531469 53 0.06595635414123535
68 3651.336091531469 54 0.06626582145690918
69 3851.336091531469 55 0.06658434867858887
70 4051.336091531469 56 0.06692242622375488
71 4188.826740830523 56 0.0672755241394043
72 4131.848130013757 56 0.06793642044067383
73 4103.840763572474 56 0.06832551956176758
74 4303.840763572474 57 0.06868791580200195
75 4308.480936472704 57 0.06906628608703613
76 4314.67122768925 57 0.06944727897644043
77 4325.888218255279 57 0.06982421875
78 4354.525135599924 57 0.07019925117492676
79 4554.525135599924 58 0.07058596611022949
80 4682.553159593884 59 0.07098054885864258
81 4843.859528985204 60 0.0713963508605957
82 4798.051074035977 60 0.07182431221008301
83 4880.338516193284 60 0.07225298881530762
84 5078.049253519313 60 0.07268190383911133
85 5278.049253519313 61 0.07311773300170898
86 5340.558604220259 62 0.07356524467468262
87 5516.318938943487 63 0.07403326034545898
88 5673.570369069337 64 0.0745244026184082
89 5873.570369069337 65 0.07503318786621094
90 5960.537252395098 66 0.07556033134460449
91 6105.83915058497 67 0.07610654830932617
92 6294.622160018942 68 0.07666969299316406
93 6465.985242674296 69 0.07726025581359863
94 6665.985242674296 70 0.07786250114440918
95 6689.994498760403 70 0.0784904956817627
96 6772.145007694711 70 0.07939672470092773
97 6826.902008188317 71 0.08037042617797852
98 6944.61456603101 72 0.08102226257324219
99 6789.15043664248 72 0.08168387413024902
100 6974.224641448984 72 0.08728957176208496
101 7026.741585735274 72 0.08797836303710938
102 7226.741585735274 73 0.08864474296569824
103 7426.741585735274 74 0.08933711051940918
104 7439.549349799318 74 0.09003400802612305
105 7639.549349799318 75 0.0907447338104248
106 7839.549349799318 76 0.09146690368652344
107 8039.549349799318 77 0.09221148490905762
108 8239.54934979932 78 0.0929708480834961
109 8410.722415869153 78 0.09374880790710449
110 8586.713159783047 79 0.09454083442687988
111 2842.5222780721706 84 0.11067652702331543
112 3042.5222780721706 85 0.11100220680236816
113 3242.5222780721706 86 0.11133122444152832
114 3347.9175969283424 86 0.11167311668395996
115 3547.9175969283424 87 0.11201167106628418
116 3747.9175969283424 88 0.11237168312072754
117 3947.9175969283424 89 0.11275076866149902
118 4098.079137574162 89 0.11314511299133301
119 4255.556859501991 90 0.11354184150695801
120 4297.756673288128 90 0.1139521598815918
121 4497.756673288128 91 0.11436820030212402
122 4519.312774820192 91 0.11480331420898438
123 4719.312774820192 92 0.11523818969726562
124 4751.2668029751285 92 0.1156911849975586
125 4951.2668029751285 93 0.11614227294921875
126 5039.645560761879 93 0.11661720275878906
127 5094.071464167723 93 0.11709260940551758
128 5294.071464167723 94 0.1175687313079834
129 5388.676145311551 95 0.11806344985961914
130 5588.676145311551 96 0.11859750747680664
131 5788.676145311551 97 0.11913228034973145
132 5988.676145311551 98 0.11968398094177246
133 6038.514604665732 99 0.1202535629272461
134 6063.235313912576 99 0.12084674835205078
135 6124.527872514979 99 0.12143778800964355
136 6324.527872514979 100 0.12203097343444824
137 6502.971770982915 101 0.12265753746032715
138 6702.971770982915 102 0.12328314781188965
139 6871.0177428279785 103 0.12393426895141602
140 7071.0177428279785 104 0.12460660934448242
141 7019.2509148215595 104 0.1258535385131836
142 7164.825011415715 105 0.126753568649292
143 7364.825011415715 106 0.12744855880737305
144 7564.825011415715 107 0.12816691398620605
145 7764.825011415715 108 0.12890148162841797
146 7964.825011415715 109 0.12965631484985352
147 7982.250002542293 109 0.13045001029968262
148 8182.250002542293 110 0.1312263011932373
149 8244.361938776019 110 0.13202500343322754
150 8340.869566387479 111 0.13282084465026855
151 8466.872369988183 111 0.13363075256347656
152 8666.872369988183 112 0.13445687294006348
153 8685.761977385764 112 0.13530826568603516
154 8789.619155719394 112 0.13614225387573242
155 8989.619155719394 113 0.13698196411132812
156 8999.5633102287 113 0.13783717155456543
157 9046.3498428817 113 0.1387178897857666
158 9186.174299561908 113 0.13959097862243652
159 9386.174299561908 114 0.1404571533203125
160 9420.234952804027 114 0.14133310317993164
161 9526.881679885626 114 0.14283990859985352
162 9540.198795446737 114 0.1437528133392334
163 9740.198795446737 115 0.14463496208190918
164 9674.561142007873 115 0.14552521705627441
165 9758.045644660557 115 0.14645004272460938
166 9756.67452296713 115 0.14736676216125488
167 9783.061769180375 115 0.14826250076293945
168 2421.888537033582 123 0.1673417091369629
169 2621.888537033582 124 0.16777467727661133
170 2821.888537033582 125 0.16805577278137207
171 2789.2116020506814 125 0.16834115982055664
172 2803.8607490539957 125 0.16864705085754395
173 2944.8274682735696 125 0.16893267631530762
174 3025.6636694427466 125 0.1692194938659668
175 3052.500532801529 125 0.16950750350952148
176 3252.500532801529 126 0.16979598999023438
177 3439.663517436071 126 0.17010283470153809
178 3516.1465893434906 126 0.17043280601501465
179 3680.6952662724743 127 0.17074322700500488
180 3812.5284002584403 128 0.1710669994354248
181 4012.5284002584403 129 0.17141199111938477
182 4212.52840025844 130 0.17177367210388184
183 4412.52840025844 131 0.17215228080749512
184 4536.233638775371 131 0.17256641387939453
185 4585.733638775371 131 0.17315888404846191
186 4690.543961661306 131 0.17356133460998535
187 4820.091690154282 132 0.1739797592163086
188 4879.1249709347085 133 0.17443013191223145
189 4998.2887697655315 134 0.17490434646606445
190 5171.451906406749 135 0.17537569999694824
191 5371.451906406749 136 0.17586183547973633
192 5249.01834895886 136 0.17679738998413086
193 5241.0447038138955 136 0.17760753631591797
194 5441.0447038138955 137 0.17818379402160645
195 5542.5447038138955 137 0.17874813079833984
196 5636.120285834625 137 0.179290771484375
197 5836.120285834625 138 0.1798388957977295
198 6036.120285834625 139 0.18039941787719727
199 6112.415047317694 140 0.180985689163208
200 6262.915047317694 141 0.18178987503051758
201 6204.748385405636 141 0.18242192268371582
202 6302.56330501108 141 0.18306684494018555
203 6502.56330501108 142 0.18369555473327637
204 6582.056290932843 142 0.1843397617340088
205 6782.056290932843 143 0.1849958896636963
206 6982.056290932843 144 0.18568778038024902
207 6993.32898235222 144 0.18638992309570312
208 7124.819555589765 145 0.18708014488220215
209 7218.707083646975 145 0.18778228759765625
210 7317.207083646975 146 0.18850302696228027
211 7278.600160872967 146 0.1892561912536621
212 7392.110295545437 146 0.18998241424560547
213 7542.3743917844995 146 0.19072723388671875
214 7607.5016693687385 146 0.1914675235748291
215 7678.175867517058 146 0.19287610054016113
216 7710.173662319609 146 0.19390511512756348
217 2500.9862759928383 153 0.21061944961547852
218 2700.9862759928383 154 0.21094131469726562
219 2900.9862759928383 155 0.21125173568725586
220 2995.713496639915 155 0.21157526969909668
221 2955.93216536558 155 0.2119004726409912
222 3155.93216536558 156 0.2122194766998291
223 3355.93216536558 157 0.21255970001220703
224 3555.93216536558 158 0.2129201889038086
225 3755.93216536558 159 0.2133011817932129
226 3924.780908708826 160 0.2137150764465332
227 4063.7763308719373 161 0.21414923667907715
228 4191.591554407651 161 0.21462297439575195
229 4391.591554407651 162 0.2150726318359375
230 4449.777078656274 162 0.21554088592529297
231 4649.777078656274 163 0.21601295471191406
232 4849.777078656274 164 0.21651339530944824
233 5049.777078656274 165 0.21703600883483887
234 5221.000089262518 165 0.2175755500793457
235 5279.449305471665 165 0.21811294555664062
236 5259.089020826136 165 0.21868157386779785
237 5459.089020826136 166 0.21922063827514648
238 5659.089020826136 167 0.21977877616882324
239 5791.70544481243 167 0.22035741806030273
240 5991.70544481243 168 0.22093963623046875
241 6143.602852542522 168 0.2215428352355957
242 6210.698342155938 168 0.22214174270629883
243 6156.144721780492 168 0.22277498245239258
244 6225.513870365099 168 0.2233574390411377
245 6233.15138301494 168 0.22394227981567383
246 6281.3252131458285 168 0.22453522682189941
247 6368.242294811189 168 0.22522687911987305
248 6436.359034157313 168 0.22629141807556152
249 6465.136023551069 169 0.2269899845123291
250 6377.1934626929815 169 0.2276294231414795
251 6381.892555378678 169 0.22826361656188965
252 6435.652251921597 169 0.22889423370361328
253 6635.652251921597 170 0.22951865196228027
254 6574.273079772388 170 0.23016643524169922
255 6590.751151540102 170 0.23083209991455078
256 6480.337672308262 170 0.23147988319396973
257 6480.658812837176 170 0.23212909698486328
258 6607.3972096769085 171 0.23279190063476562
259 6738.028061092301 172 0.23343849182128906
260 6771.806326932993 173 0.23410844802856445
261 6798.689795066232 173 0.23481082916259766
262 6911.772713400872 174 0.2355196475982666
263 7043.655974054748 175 0.23624396324157715
264 7209.037917183386 175 0.23699283599853516
265 7317.033808775313 175 0.23773407936096191
266 7333.555698329827 175 0.23849916458129883
267 7438.201857707275 175 0.2392590045928955
268 2634.479047846424 183 0.25560832023620605
269 2834.479047846424 184 0.25595641136169434
270 2854.2200110317594 184 0.2562825679779053
271 3054.2200110317594 185 0.256608247756958
272 3102.2200110317594 185 0.2569451332092285
273 3129.681948875401 185 0.25728368759155273
274 3174.1829188251386 185 0.25774240493774414
275 3374.1829188251386 186 0.2580900192260742
276 3414.9517236174506 186 0.25863122940063477
277 3614.9517236174506 187 0.2593348026275635
278 3741.7107382006925 187 0.2597696781158447
279 3808.817835979035 187 0.26015663146972656
280 3954.242500584929 187 0.2605421543121338
281 4010.462806408694 187 0.26094555854797363
282 4080.692584678429 187 0.26136183738708496
283 4078.7068621214253 187 0.2617783546447754
284 4278.706862121426 188 0.2621800899505615
285 4383.940374852876 188 0.26261448860168457
286 4471.276989472162 188 0.26303529739379883
287 4449.48984604467 188 0.26345109939575195
288 4622.027908201028 189 0.2638709545135498
289 4599.051314003064 189 0.26430296897888184
290 4631.695895924425 189 0.2647433280944824
291 4661.896802264942 189 0.2651805877685547
292 4708.059280495086 189 0.26561617851257324
293 4611.750978344009 189 0.2660515308380127
294 4744.643880565666 190 0.2665114402770996
295 4799.219215959773 191 0.26697587966918945
296 4935.080357451263 192 0.2674422264099121
297 5064.850579181529 193 0.2679271697998047
298 5107.33936762942 193 0.2684364318847656
299 5135.741223251402 193 0.26895809173583984
300 5057.831077839474 193 0.2697312831878662
301 4995.070125268009 193 0.27024245262145996
302 4995.84709806777 193 0.27074170112609863
303 5060.507884285763 193 0.27123045921325684
304 5055.954071282466 193 0.27171874046325684
305 5065.809489361106 193 0.27220964431762695
306 5194.839778228276 194 0.27271437644958496
307 5348.677299998133 195 0.2732253074645996
308 5518.226587565968 196 0.2737550735473633
309 5718.226587565968 197 0.2743549346923828
310 5918.226587565968 198 0.27495837211608887
311 6118.226587565968 199 0.27556633949279785
312 6187.185923715979 199 0.27636075019836426
313 6306.758362819328 199 0.2772250175476074
314 6478.356507197346 200 0.2778587341308594
315 6622.096768548713 200 0.2785451412200928
316 6638.64818319658 200 0.2792024612426758
317 6649.409483655269 200 0.27985501289367676
318 6619.329816397927 200 0.2805063724517822
319 6661.604350174251 200 0.2811570167541504
320 6745.662305475289 200 0.28180599212646484
321 2638.79429447412 207 0.2957601547241211
322 2838.79429447412 208 0.2960808277130127
323 3038.79429447412 209 0.2963848114013672
324 2966.4688739721646 209 0.29669713973999023
325 2988.0127405633307 209 0.2970085144042969
326 3188.0127405633307 210 0.2973196506500244
327 3388.0127405633307 211 0.2976512908935547
328 3588.0127405633307 212 0.2980062961578369
329 3617.0127405633307 212 0.2984130382537842
330 3817.0127405633307 213 0.2987961769104004
331 3852.706273594999 213 0.2991938591003418
332 4052.706273594999 214 0.2996025085449219
333 4217.162283291258 214 0.30002808570861816
334 4401.3017322713695 215 0.30045509338378906
335 4371.945920397663 215 0.3009011745452881
336 4506.090996820371 215 0.3013436794281006
337 4706.090996820371 216 0.3017880916595459
338 4756.487745134677 216 0.30228734016418457
339 4879.386224903446 217 0.3027498722076416
340 5057.84235831228 218 0.3032348155975342
341 5080.595058276488 218 0.30374717712402344
342 5280.595058276488 219 0.30423641204833984
343 5480.595058276488 220 0.30474400520324707
344 5488.910153235221 220 0.3052699565887451
345 5688.910153235221 221 0.3058137893676758
346 5698.78095177488 221 0.30637669563293457
347 5898.78095177488 222 0.30692505836486816
348 5829.705660482174 222 0.3074982166290283
349 5842.358745691901 222 0.30806517601013184
350 5998.207754844563 223 0.3090338706970215
351 6060.580184081778 223 0.30971384048461914
352 6213.307463583507 223 0.3103196620941162
353 6362.910715269201 224 0.31092119216918945
354 6562.910715269201 225 0.31153082847595215
355 6720.406405379319 225 0.3121645450592041
356 6890.844589307624 225 0.3127872943878174
357 7090.844589307624 226 0.3134169578552246
358 7118.116060724772 226 0.314058780670166
359 7280.80096576604 227 0.3147621154785156
360 7480.80096576604 228 0.3154332637786865
361 7635.236634194712 229 0.3161437511444092
362 7835.236634194712 230 0.3168671131134033
363 7825.528378799325 230 0.31762027740478516
364 7835.778750967001 230 0.31835484504699707
365 8035.778750967001 231 0.3192739486694336
366 7950.9801086273 231 0.3200259208679199
367 7998.25282912557 232 0.32076501846313477
368 8073.939842353674 232 0.3215348720550537
369 8273.939842353673 233 0.3224005699157715
370 8213.33039673319 233 0.3232231140136719
371 8135.295504033792 233 0.32404422760009766
372 8175.533734277535 233 0.3250858783721924
373 8273.254754295527 233 0.32616639137268066
374 2074.9223906716225 237 0.3392143249511719
375 2004.9468373817115 237 0.3394742012023926
376 2204.9468373817117 238 0.3397231101989746
377 2245.169827650458 238 0.33997678756713867
378 2445.169827650458 239 0.3403968811035156
379 2444.9325315934743 239 0.3406980037689209
380 2461.4325315934743 239 0.3420584201812744
381 2534.4325315934743 239 0.34242701530456543
382 2734.4325315934743 240 0.3427309989929199
383 2798.1421297552747 240 0.34307336807250977
384 2998.1421297552747 241 0.34339475631713867
385 3100.702524129399 241 0.3437354564666748
386 3142.9059750615556 241 0.3440721035003662
387 3342.9059750615556 242 0.34441208839416504
388 3349.76422346674 242 0.3447721004486084
389 3505.36290040745 242 0.34513282775878906
390 3646.477876455482 243 0.34549617767333984
391 3846.477876455482 244 0.34587860107421875
392 4006.254886186736 245 0.3463249206542969
393 4206.254886186736 246 0.346759557723999
394 4340.165427275669 246 0.3472127914428711
395 4523.665427275669 247 0.34766077995300293
396 4518.671944684052 247 0.3481297492980957
397 4718.671944684052 248 0.34861183166503906
398 4697.394722958624 248 0.34909629821777344
399 4897.394722958624 249 0.34958314895629883
400 4814.109741521451 249 0.35019612312316895
401 4851.42140590527 249 0.3507246971130371
402 4880.353336776371 249 0.35123348236083984
403 4953.243860587589 249 0.35173702239990234
404 4953.839447078949 250 0.3522474765777588
405 5128.562682572032 250 0.3528010845184326
406 5324.86031841377 250 0.3533360958099365
407 5524.86031841377 251 0.35387706756591797
408 5630.140982637744 251 0.3544485569000244
409 5653.169025558982 252 0.35500121116638184
410 5853.169025558982 253 0.3555738925933838
411 5861.428849396346 253 0.35616612434387207
412 6061.428849396346 254 0.35678887367248535
413 6196.768196755037 255 0.3574683666229248
414 6296.480403869632 255 0.35916805267333984
415 6456.475902322616 256 0.35985517501831055
416 2899.712207114595 263 0.37667417526245117
417 3099.712207114595 264 0.3772599697113037
418 3299.712207114595 265 0.37770700454711914
419 3499.712207114595 266 0.37811732292175293
420 3620.5925387053644 266 0.3785700798034668
421 3820.5925387053644 267 0.37899065017700195
422 4009.274072280096 267 0.37943315505981445
423 4209.274072280095 268 0.37987637519836426
424 4409.274072280095 269 0.3803431987762451
425 4609.274072280095 270 0.38083720207214355
426 4697.990355857368 270 0.3813495635986328
427 4841.910562747234 270 0.38185763359069824
428 5033.632848099798 270 0.38237547874450684
429 5060.645641528153 270 0.3828868865966797
430 5260.645641528153 271 0.38339877128601074
431 5460.645641528153 272 0.38393211364746094
432 5520.784343440378 272 0.3844931125640869
433 5641.21965031542 272 0.3850574493408203
434 5841.21965031542 273 0.3856205940246582
435 5876.466631909287 273 0.38619256019592285
436 6076.466631909287 274 0.3867807388305664
437 5997.610521866266 274 0.3873786926269531
438 6197.610521866266 275 0.3879830837249756
439 6397.610521866266 276 0.3886134624481201
440 6597.610521866266 277 0.38925814628601074
441 6585.387198008462 277 0.38993072509765625
442 6631.839166693139 277 0.3910634517669678
443 6679.787399784656 277 0.3918168544769287
444 6765.363393438256 278 0.3924868106842041
445 6965.363393438256 279 0.3931751251220703
446 6969.363393438256 279 0.39391446113586426
447 7109.224691526031 280 0.39464759826660156
448 7188.789384650989 281 0.3953857421875
449 7388.789384650989 282 0.39614176750183105
450 7384.7016955698 282 0.39693474769592285
451 7526.331937280134 282 0.3977067470550537
452 7675.17253145112 283 0.3984947204589844
453 7708.414103663226 283 0.3992891311645508
454 7908.414103663226 284 0.4000849723815918
455 7957.002479957409 284 0.40094494819641113
456 8056.063304085207 284 0.4017763137817383
457 8031.619841828049 284 0.4025914669036865
458 7966.556202723379 284 0.4033975601196289
459 8086.1660505293585 284 0.40419888496398926
460 8176.826396584347 284 0.4050102233886719
461 8257.738058569415 284 0.40581631660461426
462 8457.738058569415 285 0.40683650970458984
463 8657.738058569415 286 0.4082934856414795
464 8722.248057569615 286 0.4093310832977295
465 8645.58152333224 286 0.4102046489715576
466 8703.951281621905 287 0.411083459854126
467 8903.951281621905 288 0.4119718074798584
468 9066.208157928906 288 0.4128715991973877
469 9106.263989670488 288 0.41381072998046875
470 9257.675613376305 289 0.41473889350891113
471 9126.503262111495 289 0.4156644344329834
472 9172.83751916074 289 0.41657519340515137
473 9222.866604341232 289 0.4174942970275879
474 2496.885777393341 295 0.43398475646972656
475 2606.5573725045992 296 0.43436408042907715
476 2706.553403947615 296 0.4346950054168701
477 2906.553403947615 297 0.434985876083374
478 3106.553403947615 298 0.4352912902832031
479 3142.4560500896478 298 0.43561339378356934
480 3270.07988235771 299 0.43593621253967285
481 3470.07988235771 300 0.4362773895263672
482 3670.07988235771 301 0.43663811683654785
483 3870.07988235771 302 0.43701815605163574
484 4014.3663292489737 303 0.43741726875305176
485 4214.366329248974 304 0.4378361701965332
486 4261.834750430015 304 0.43826913833618164
487 4240.3396126208745 304 0.4386913776397705
488 4440.3396126208745 305 0.4391138553619385
489 4462.033024881401 305 0.4395561218261719
490 4530.87231867912 305 0.4399986267089844
491 4516.482891611099 305 0.44043827056884766
492 4564.0022240261 305 0.44088149070739746
493 4715.0022240261 305 0.441328763961792
494 4798.289372684234 305 0.4417693614959717
495 4998.289372684234 306 0.4422132968902588
496 5100.496692413228 306 0.44269514083862305
497 5182.389986328629 306 0.4431617259979248
498 5247.04463933136 306 0.44362711906433105
499 5325.503478645257 306 0.444089412689209
500 5525.503478645257 307 0.4448561668395996
501 5678.035057464215 308 0.4453470706939697
502 5648.081195974952 308 0.4458444118499756
503 5750.121087783514 308 0.44639134407043457
504 5830.895877021208 308 0.4468979835510254
505 5962.056583223489 309 0.4474053382873535
506 5969.966903394117 309 0.44792652130126953
507 6073.118201241533 309 0.4485189914703369
508 6003.263824089905 309 0.4493370056152344
509 6084.074029289738 310 0.44991636276245117
510 6121.869534235424 310 0.45050501823425293
511 6074.743971922112 310 0.45107316970825195
512 6033.37608831575 310 0.451629638671875
513 6032.002908985293 310 0.45218682289123535
514 6153.544069671396 311 0.45275211334228516
515 6353.544069671396 312 0.45333027839660645
516 6553.544069671396 313 0.4540426731109619
517 6623.9861142765085 313 0.45470643043518066
518 6721.946222467946 314 0.4553399085998535
519 6819.478020969726 315 0.4560091495513916
520 6914.124680515589 315 0.4566969871520996
521 6946.866699965443 315 0.4573483467102051
522 6884.9512255318 315 0.4580049514770508
523 7003.805602683428 316 0.4586822986602783
524 2697.5843948730635 324 0.47359538078308105
525 2897.5843948730635 325 0.4747049808502197
526 2954.504308247078 325 0.4750709533691406
527 2991.917063122674 325 0.4754030704498291
528 3191.917063122674 326 0.47573280334472656
529 3391.917063122674 327 0.47608113288879395
530 3515.0957435407586 328 0.47644710540771484
531 3715.0957435407586 329 0.4768364429473877
532 3915.0957435407586 330 0.47724151611328125
533 4115.095743540758 331 0.47766566276550293
534 4315.095743540758 332 0.47811245918273926
535 4515.095743540758 333 0.4786689281463623
536 4715.095743540758 334 0.4791603088378906
537 4894.332668249609 335 0.48001837730407715
538 4946.968553076598 335 0.480837345123291
539 5146.968553076598 336 0.48151516914367676
540 5346.968553076598 337 0.48209595680236816
541 5390.248368531308 337 0.4827146530151367
542 5552.835613655712 338 0.4833028316497803
543 5752.835613655712 339 0.4839134216308594
544 5952.835613655712 340 0.4845609664916992
545 5973.517300868135 340 0.48520588874816895
546 5994.790462561878 340 0.48592495918273926
547 6028.615279085153 340 0.4865725040435791
548 6228.615279085153 341 0.4873044490814209
549 6382.952517648557 341 0.48798394203186035
550 6436.98211138817 341 0.4886603355407715
551 6481.601989024906 341 0.4893605709075928
552 6506.3518419008715 341 0.49004077911376953
553 6505.472289660204 341 0.49070167541503906
554 6705.472289660204 342 0.49135684967041016
555 6771.345294929657 342 0.4920310974121094
556 6752.7704461392095 342 0.4927048683166504
557 6769.049266735309 342 0.4933764934539795
558 6788.968095516473 342 0.4940524101257324
559 6949.0993236152035 342 0.4947175979614258
560 6974.630409960459 342 0.49552083015441895
561 7095.9363191488865 342 0.4966137409210205
562 7112.336703092464 342 0.4974386692047119
563 7312.336703092464 343 0.49814629554748535
564 7265.872461352156 343 0.4988579750061035
565 7363.214890040578 343 0.4995427131652832
566 7518.595012403842 344 0.5002520084381104
567 7693.845159527877 345 0.5009489059448242
568 7696.098260064349 345 0.5016524791717529
569 7731.758590089797 345 0.5024561882019043
570 7717.019327540134 345 0.5032310485839844
571 7749.514618706743 345 0.5039756298065186
572 7794.84748531364 345 0.5047159194946289
573 7799.09215646888 345 0.5055456161499023
574 7838.960928370149 346 0.5063760280609131
575 7821.420772342401 346 0.5071465969085693
576 7739.034853998866 346 0.5078818798065186
577 7740.109377968729 346 0.5086138248443604
578 2289.520918795038 353 0.5245821475982666
579 2436.864448748488 354 0.5249660015106201
580 2636.864448748488 355 0.5253002643585205
581 2836.864448748488 356 0.525611162185669
582 2871.574698852428 356 0.5259387493133545
583 2885.0339060302385 356 0.5262837409973145
584 3085.0339060302385 357 0.5266118049621582
585 3031.3871028782205 357 0.5269560813903809
586 3231.3871028782205 358 0.527306079864502
587 3415.971987040542 358 0.5276868343353271
588 3615.971987040542 359 0.5280654430389404
589 3758.4767875158814 359 0.5284690856933594
590 3820.1138622799135 359 0.5288615226745605
591 3863.643872325135 359 0.5292510986328125
592 3900.4245412192313 359 0.5297420024871826
593 3966.666308188443 359 0.5314517021179199
594 4072.512827189583 359 0.5320277214050293
595 4128.486187041352 359 0.5324790477752686
596 4328.486187041352 360 0.5328764915466309
597 4340.136153288582 360 0.5332927703857422
598 4298.958760042373 360 0.5337049961090088
599 4311.220054943465 360 0.5341160297393799
600 4490.810586715156 361 0.5346622467041016
601 4690.810586715156 362 0.5351638793945312
602 4580.27165435623 362 0.5356357097625732
603 4659.524579024931 362 0.5361554622650146
604 4715.288829588919 362 0.53662109375
605 4797.30259762798 362 0.5370759963989258
606 4896.9699276091715 363 0.5375323295593262
607 4920.020657981335 363 0.5380129814147949
608 5053.7788910121235 364 0.5385174751281738
609 5147.932372010984 365 0.5390224456787109
610 5276.795751801651 365 0.5395698547363281
611 5296.6595804221415 365 0.5400941371917725
612 5288.265084014767 365 0.5406279563903809
613 5336.58874568238 365 0.5411560535430908
614 5413.897232294553 365 0.5416767597198486
615 5551.16986709106 365 0.542201042175293
616 5751.16986709106 366 0.5427381992340088
617 5752.214958321483 366 0.5432817935943604
618 5872.962033652782 367 0.5438258647918701
619 5769.980014491605 367 0.5470373630523682
620 5700.997247281058 367 0.5482344627380371
621 5900.997247281058 368 0.5489606857299805
622 5874.016537800796 368 0.5495591163635254
623 6012.471991868717 368 0.5501608848571777
624 2311.5645753975664 375 0.5654642581939697
625 2511.5645753975664 376 0.5657708644866943
626 2580.404628614755 376 0.5660572052001953
627 2503.872094924843 376 0.5663506984710693
628 2703.872094924843 377 0.5666320323944092
629 2780.899235409408 377 0.5669331550598145
630 2762.119692778304 377 0.5672347545623779
631 2824.398602683093 377 0.5675420761108398
632 2943.1935852006745 377 0.5678441524505615
633 3143.1935852006745 378 0.5681474208831787
634 3286.3677646313777 378 0.5684723854064941
635 3486.3677646313777 379 0.5687966346740723
636 3605.6521565999788 379 0.5691416263580322
637 3729.022605271467 379 0.5694894790649414
638 3857.953361115618 379 0.5698375701904297
639 3901.0485264213685 379 0.5701847076416016
640 3945.094335114798 379 0.5705356597900391
641 3921.4317098899155 379 0.5708839893341064
642 4074.4317098899155 380 0.5712354183197021
643 4274.4317098899155 381 0.5716152191162109
644 4257.1117361081015 381 0.5719919204711914
645 4278.200174230408 381 0.5723695755004883
646 4303.68383020383 381 0.5727725028991699
647 4233.956135587194 381 0.5731537342071533
648 4322.385167358346 381 0.5735321044921875
