1 200 1 2.09808349609375e-05
2 400 2 0.00010156631469726562
3 600 3 0.0001513957977294922
4 800 4 0.00020551681518554688
5 1000 5 0.0002715587615966797
6 1200 6 0.0003514289855957031
7 1400 7 0.0004477500915527344
8 1487.7008201693536 7 0.0005650520324707031
9 1687.7008201693536 8 0.0006761550903320312
10 1887.7008201693536 9 0.0007979869842529297
11 2087.7008201693534 10 0.0009350776672363281
12 2287.7008201693534 11 0.0010843276977539062
13 2487.7008201693534 12 0.0012483596801757812
14 2687.7008201693534 13 0.001421213150024414
15 2887.7008201693534 14 0.0016293525695800781
16 2961.595510652277 14 0.0018303394317626953
17 3161.595510652277 15 0.0020303726196289062
18 3361.595510652277 16 0.002244234085083008
19 3561.595510652277 17 0.002475261688232422
20 3761.595510652277 18 0.002720355987548828
21 3961.595510652277 19 0.0029904842376708984
22 4161.595510652277 20 0.003258943557739258
23 4361.595510652277 21 0.0035400390625
24 4561.595510652277 22 0.003831148147583008
25 4761.595510652277 23 0.004142045974731445
26 4961.595510652277 24 0.004498481750488281
27 5161.595510652277 25 0.004840373992919922
28 5361.595510652277 26 0.005190134048461914
29 5561.595510652277 27 0.005567073822021484
30 5761.595510652277 28 0.005941152572631836
31 5865.082943898236 28 0.006334066390991211
32 6065.082943898236 29 0.006741762161254883
33 6265.082943898236 30 0.007153511047363281
34 6465.082943898236 31 0.007578372955322266
35 6665.082943898236 32 0.007996559143066406
36 6865.082943898236 33 0.00841832160949707
37 7065.082943898236 34 0.0088653564453125
38 7265.082943898236 35 0.009293556213378906
39 7320.671847871363 35 0.009743928909301758
40 7520.671847871363 36 0.010184764862060547
41 7720.671847871363 37 0.010728120803833008
42 7920.671847871363 38 0.011260509490966797
43 8120.671847871363 39 0.011784791946411133
44 8320.671847871363 40 0.01228642463684082
45 8382.109645013397 40 0.012824535369873047
46 8405.476122025253 40 0.013382196426391602
47 8477.728781625492 40 0.013892173767089844
48 8526.040600623772 40 0.01439976692199707
49 8608.337711064656 40 0.015117168426513672
50 8767.610795404962 40 0.016984224319458008
51 8967.610795404962 41 0.0175778865814209
52 9167.610795404962 42 0.018336057662963867
53 9367.610795404962 43 0.018959522247314453
54 9567.610795404962 44 0.01952838897705078
55 9767.610795404962 45 0.02009749412536621
56 9967.610795404962 46 0.02066969871520996
57 10167.610795404962 47 0.02129650115966797
58 10367.610795404962 48 0.021895170211791992
59 10424.890128267278 48 0.022492170333862305
60 10624.890128267278 49 0.023089885711669922
61 10824.890128267278 50 0.023683547973632812
62 11024.890128267278 51 0.024294614791870117
63 11224.890128267278 52 0.025351762771606445
64 11424.890128267278 53 0.02635359764099121
65 11624.890128267278 54 0.026993751525878906
66 11624.890128267278 54 0.027635812759399414
67 11824.890128267278 55 0.028389930725097656
68 11849.22117838847 55 0.029018878936767578
69 12049.22117838847 56 0.0296475887298584
70 12249.22117838847 57 0.030317068099975586
71 12346.72117838847 57 0.030993223190307617
72 12417.477114703903 57 0.032306671142578125
73 12617.477114703903 58 0.03340029716491699
74 12725.870058477913 58 0.034065961837768555
75 12925.870058477913 59 0.03472423553466797
76 13125.870058477913 60 0.035407304763793945
77 13125.870058477913 60 0.03609418869018555
78 13325.870058477913 61 0.03680896759033203
79 13353.95572645775 61 0.03750872611999512
80 13392.649357066432 61 0.03821372985839844
81 13592.649357066432 62 0.038904666900634766
82 13792.649357066432 63 0.03961372375488281
83 13992.649357066432 64 0.04033398628234863
84 14033.348681541262 64 0.04106640815734863
85 14233.348681541262 65 0.0417633056640625
86 14257.588346818035 65 0.04247593879699707
87 14300.336916692184 65 0.04329514503479004
88 14500.336916692184 66 0.04413270950317383
89 14613.370033366422 66 0.04496359825134277
90 14668.06813517655 66 0.04575657844543457
91 14679.28512574258 66 0.046561241149902344
92 14879.28512574258 67 0.04735088348388672
93 14909.404428840711 67 0.04819989204406738
94 15109.404428840711 68 0.049031734466552734
95 15309.404428840711 69 0.049894094467163086
96 15509.404428840711 70 0.050748348236083984
97 15591.691870998018 70 0.051686763763427734
98 15710.809176751543 70 0.05252981185913086
99 15910.809176751543 71 0.05330324172973633
100 16110.809176751543 72 0.05422568321228027
101 16229.285131525961 72 0.0550532341003418
102 16429.28513152596 73 0.055849552154541016
103 16629.28513152596 74 0.056639909744262695
104 16829.28513152596 75 0.057428598403930664
105 17029.28513152596 76 0.05822587013244629
106 17229.28513152596 77 0.05903148651123047
107 17429.28513152596 78 0.06039929389953613
108 17629.28513152596 79 0.06140637397766113
109 17653.294387612066 79 0.06226611137390137
110 17853.294387612066 80 0.06362724304199219
111 17874.036873694055 80 0.06448721885681152
112 18074.036873694055 81 0.06534242630004883
113 18116.283481631555 81 0.06621336936950684
114 18316.283481631555 82 0.06708812713623047
115 18368.800425917845 82 0.0679636001586914
116 18568.800425917845 83 0.06883358955383301
117 18768.800425917845 84 0.06972789764404297
118 18781.60818998189 84 0.07062244415283203
119 18981.60818998189 85 0.07155060768127441
120 19087.292798468457 85 0.07244205474853516
121 19287.292798468457 86 0.0733187198638916
122 19487.292798468457 87 0.07419443130493164
123 19687.292798468457 88 0.07509303092956543
124 19887.292798468457 89 0.07599425315856934
125 20087.292798468457 90 0.07688713073730469
126 20287.292798468457 91 0.07779550552368164
127 20487.292798468457 92 0.07867193222045898
128 20687.292798468457 93 0.07956051826477051
129 20887.292798468457 94 0.08049893379211426
130 21087.292798468457 95 0.08142781257629395
131 21287.292798468457 96 0.0823667049407959
132 21317.820328218833 96 0.08332562446594238
133 21404.813443755607 96 0.08427023887634277
134 21604.813443755607 97 0.08520174026489258
135 21804.813443755607 98 0.08613324165344238
136 21827.540950168026 98 0.08708310127258301
137 22027.540950168026 99 0.08803367614746094
138 22102.49023070788 99 0.08898472785949707
139 22302.49023070788 100 0.08993768692016602
140 22502.49023070788 101 0.0909261703491211
141 22518.736441959118 101 0.0919034481048584
142 22718.736441959118 102 0.09289264678955078
143 22739.64756726585 102 0.09387731552124023
144 22939.64756726585 103 0.09486889839172363
145 23139.64756726585 104 0.09598946571350098
146 23339.64756726585 105 0.09749865531921387
147 23539.64756726585 106 0.09851527214050293
148 23739.64756726585 107 0.09956693649291992
149 23821.651409284987 107 0.10059881210327148
150 23845.303603012246 107 0.10161304473876953
151 24045.303603012246 108 0.10263395309448242
152 24245.303603012246 109 0.10367870330810547
153 24351.45364616816 109 0.10473322868347168
154 24478.530322415067 109 0.10576939582824707
155 24678.530322415067 110 0.10679936408996582
156 24878.530322415067 111 0.10787129402160645
157 25078.530322415067 112 0.10893583297729492
158 25278.530322415067 113 0.11001443862915039
159 25478.530322415067 114 0.11110877990722656
160 25678.530322415067 115 0.11221599578857422
161 25689.54627244693 115 0.11335968971252441
162 25706.111777141563 115 0.11464071273803711
163 25790.520513445943 115 0.11664485931396484
164 25990.520513445943 116 0.11776399612426758
165 26190.520513445943 117 0.11887645721435547
166 26390.520513445943 118 0.1200108528137207
167 26413.885257649163 118 0.1211538314819336
168 26445.79136991625 118 0.12229585647583008
169 26645.79136991625 119 0.1234443187713623
170 26689.627756312904 119 0.1245887279510498
171 26736.414288965905 119 0.12573027610778809
172 26876.23874564611 119 0.12686729431152344
173 26923.175533674832 119 0.12801766395568848
174 27123.175533674832 120 0.1292867660522461
175 27323.175533674832 121 0.1316840648651123
176 27357.554893786262 121 0.13292193412780762
177 27557.554893786262 122 0.1341385841369629
178 27578.74988582797 122 0.13532209396362305
179 27665.22077458727 122 0.13649272918701172
180 27734.51723914355 122 0.1376659870147705
181 27749.52610171342 122 0.1388709545135498
182 27949.52610171342 123 0.1400620937347412
183 28007.77140213318 123 0.1412646770477295
184 28060.49620933688 123 0.1425001621246338
185 28090.286497798803 123 0.14369416236877441
186 28290.286497798803 124 0.14489984512329102
187 28397.357455864025 124 0.1460883617401123
188 28454.09004300196 124 0.14753055572509766
189 28654.09004300196 125 0.14876174926757812
190 28854.09004300196 126 0.14998936653137207
191 28947.67264981371 126 0.1526470184326172
192 28982.041333606616 126 0.1538987159729004
193 29029.70333380023 126 0.15517115592956543
194 29046.81183311864 126 0.15639758110046387
195 29246.81183311864 127 0.15785813331604004
196 29399.81512255673 127 0.15916681289672852
197 29429.038013961403 127 0.16042709350585938
198 29547.741682507654 127 0.16165423393249512
199 29578.20477493111 127 0.16302251815795898
200 29631.438144369367 127 0.16556167602539062
201 29831.438144369367 128 0.16804003715515137
202 30031.438144369367 129 0.16989612579345703
203 30111.884158619156 129 0.17287325859069824
204 30311.884158619156 130 0.17574644088745117
205 30511.884158619156 131 0.17786502838134766
206 30576.613585805808 131 0.17949438095092773
207 30634.76468807324 131 0.18222570419311523
208 30834.76468807324 132 0.1839148998260498
209 30916.263154316475 132 0.18533062934875488
210 31037.263154316475 132 0.18720674514770508
211 31237.263154316475 133 0.18874454498291016
212 31437.263154316475 134 0.19109392166137695
213 31637.263154316475 135 0.19255685806274414
214 31837.263154316475 136 0.19412636756896973
215 31889.106164964516 136 0.195648193359375
216 32089.106164964516 137 0.19713282585144043
217 32289.106164964516 138 0.198624849319458
218 32310.63054071629 138 0.20017623901367188
219 32384.72537950414 138 0.2016606330871582
220 32402.971590755376 138 0.20317769050598145
221 32602.971590755376 139 0.2046952247619629
222 32802.97159075538 140 0.2073071002960205
223 32817.24925331167 140 0.2091691493988037
224 33017.24925331167 141 0.21100068092346191
225 33047.390330281894 141 0.21322965621948242
226 33162.31921626671 141 0.2148740291595459
227 33208.593392315066 141 0.21649432182312012
228 33408.593392315066 142 0.21814227104187012
229 33479.26759046339 142 0.2198653221130371
230 33679.26759046339 143 0.2215414047241211
231 33701.76759046339 143 0.22468328475952148
232 33901.76759046339 144 0.22726988792419434
233 34101.76759046339 145 0.22892284393310547
234 34164.447842424095 145 0.2305922508239746
235 34183.14024598513 145 0.2330636978149414
236 34383.14024598513 146 0.23471903800964355
237 34583.14024598513 147 0.23633384704589844
238 34783.14024598513 148 0.2388134002685547
239 34983.14024598513 149 0.2415904998779297
240 35183.14024598513 150 0.24334383010864258
241 35383.14024598513 151 0.2461991310119629
242 35583.14024598513 152 0.24795794486999512
243 35783.14024598513 153 0.24968671798706055
244 35983.14024598513 154 0.2513728141784668
245 36117.791684843956 154 0.25304174423217773
246 36317.791684843956 155 0.2547729015350342
247 36517.791684843956 156 0.257143497467041
248 36553.29565242659 156 0.2589545249938965
249 36753.29565242659 157 0.26067376136779785
250 36800.47640441507 157 0.26319026947021484
251 37000.47640441507 158 0.26494693756103516
252 37128.47640441507 158 0.2669706344604492
253 37167.95493118521 158 0.2686753273010254
254 37248.5681737049 158 0.27039170265197754
255 37297.67639072399 158 0.2723386287689209
256 37315.586646426 158 0.2748594284057617
257 37325.638572589545 158 0.27751636505126953
258 37365.19865347925 158 0.2796592712402344
259 37394.3597368926 158 0.281447172164917
260 37594.3597368926 159 0.28318238258361816
261 37794.3597368926 160 0.28566741943359375
262 37819.99174812855 160 0.28751659393310547
263 37897.71860142156 160 0.2899129390716553
264 37961.30952941642 160 0.2917819023132324
265 37980.758726679764 160 0.29350805282592773
266 38034.51842322268 160 0.2953038215637207
267 38108.7215431762 160 0.29709601402282715
268 38308.7215431762 161 0.2988433837890625
269 38325.199614943915 161 0.301361083984375
270 38366.71651772864 161 0.3032097816467285
271 38381.92476164811 161 0.30504536628723145
272 38581.92476164811 162 0.3077085018157959
273 38618.55772805803 162 0.31032419204711914
274 38818.55772805803 163 0.31252193450927734
275 38885.496460203016 163 0.3143422603607178
276 39020.713781220205 163 0.31627845764160156
277 39220.713781220205 164 0.31862378120422363
278 39420.713781220205 165 0.32050132751464844
279 39462.22591868659 165 0.3227372169494629
280 39483.17026513319 165 0.32572245597839355
281 39531.31260980473 165 0.32762885093688965
282 39731.31260980473 166 0.3294374942779541
283 39931.31260980473 167 0.33124637603759766
284 39942.76038317468 167 0.3337712287902832
285 40142.76038317468 168 0.33561062812805176
286 40158.00612867451 168 0.3375418186187744
287 40358.00612867451 169 0.3399677276611328
288 40398.88856692284 169 0.3418116569519043
289 40434.64317584268 169 0.34378981590270996
290 40458.652431928786 169 0.3459134101867676
291 40488.47165735591 169 0.34777212142944336
292 40688.47165735591 170 0.3495345115661621
293 40729.907646770145 170 0.3513193130493164
294 40831.48346366072 170 0.35335445404052734
295 41031.48346366072 171 0.3552968502044678
296 41231.48346366072 172 0.35747718811035156
297 41280.24068331393 172 0.3593125343322754
298 41480.24068331393 173 0.36102914810180664
299 41535.39999579722 173 0.3627347946166992
300 41555.24968606725 173 0.36479902267456055
301 41566.19251997197 173 0.36658263206481934
302 41594.78063490432 173 0.36829304695129395
303 41609.80538953439 173 0.37012314796447754
304 41654.85622042747 173 0.37179994583129883
305 41663.85622042747 173 0.37346506118774414
306 41686.66246890234 173 0.37513160705566406
307 41745.487260857706 173 0.3770325183868408
308 41765.47994074689 173 0.3789546489715576
309 41965.47994074689 174 0.3823552131652832
310 42165.47994074689 175 0.3841273784637451
311 42365.47994074689 176 0.3858520984649658
312 42565.47994074689 177 0.38757920265197754
313 42580.68818466636 177 0.3893008232116699
314 42634.843507804726 177 0.3910703659057617
315 42834.843507804726 178 0.39278745651245117
316 42861.83333717699 178 0.39450740814208984
317 42882.22941523136 178 0.3963899612426758
318 42910.38967091202 178 0.39856719970703125
319 42939.72833757609 178 0.4003567695617676
320 43139.72833757609 179 0.40289306640625
321 43225.21251797001 179 0.4047672748565674
322 43425.21251797001 180 0.4066448211669922
323 43625.21251797001 181 0.40843677520751953
324 43825.21251797001 182 0.411083459854126
325 44025.21251797001 183 0.41320037841796875
326 44048.292447990934 183 0.41552162170410156
327 44248.292447990934 184 0.41745519638061523
328 44323.96250161341 184 0.41941308975219727
329 44421.04508093593 184 0.4213368892669678
330 44438.57535619075 184 0.42327880859375
331 44467.73991889376 184 0.42507290840148926
332 44515.28219730825 184 0.426868200302124
333 44530.12546862041 184 0.42864108085632324
334 44730.12546862041 185 0.430495023727417
335 44783.09983788375 185 0.4324331283569336
336 44983.09983788375 186 0.43511414527893066
337 45183.09983788375 187 0.4382288455963135
338 45257.180026396825 187 0.44029664993286133
339 45279.98627487169 187 0.44243407249450684
340 45479.98627487169 188 0.44463443756103516
341 45530.99631745331 188 0.4467148780822754
342 45730.99631745331 189 0.4488050937652588
343 45749.63523900193 189 0.45107436180114746
344 45792.42870525548 189 0.454376220703125
345 45814.26483959425 189 0.45662546157836914
346 45868.30186393868 189 0.45885229110717773
347 46068.30186393868 190 0.46095752716064453
348 46247.83175608891 190 0.4630451202392578
349 46267.234880326345 190 0.4651942253112793
350 46467.234880326345 191 0.46742701530456543
351 46667.234880326345 192 0.4709157943725586
352 46702.44515874407 192 0.47322797775268555
353 46902.44515874407 193 0.4754769802093506
354 46969.154090532975 193 0.47823238372802734
355 46977.216348281276 193 0.48042774200439453
356 47177.216348281276 194 0.4834136962890625
357 47203.332167326924 194 0.48581814765930176
358 47217.832167326924 194 0.4883692264556885
359 47273.97750378258 194 0.4904956817626953
360 47319.541835353906 194 0.4926755428314209
361 47433.49205533698 194 0.494814395904541
362 47495.178011433534 194 0.4969327449798584
363 47514.12557419786 194 0.49906396865844727
364 47714.12557419786 195 0.5011606216430664
365 47914.12557419786 196 0.5038747787475586
366 48024.8092128177 196 0.5062077045440674
367 48224.8092128177 197 0.5084402561187744
368 48424.8092128177 198 0.5105915069580078
369 48624.8092128177 199 0.5128424167633057
370 48674.44853632296 199 0.5150506496429443
371 48711.69727366449 199 0.5172359943389893
372 48735.198631808096 199 0.5199141502380371
373 48762.240226386886 199 0.5230586528778076
374 48962.240226386886 200 0.5259325504302979
375 49162.240226386886 201 0.5282719135284424
376 49351.70232583459 201 0.5307104587554932
377 49437.37478884275 201 0.5330252647399902
378 49474.45507549772 201 0.53550124168396
379 49512.37843314424 201 0.5385160446166992
380 49712.37843314424 202 0.5408637523651123
381 49810.598379217794 202 0.5432829856872559
382 50010.598379217794 203 0.5456922054290771
383 50062.8962891669 203 0.5480549335479736
384 50083.62537777697 203 0.5504171848297119
385 50283.62537777697 204 0.5532464981079102
386 50319.309974640484 204 0.555945634841919
387 50335.309974640484 204 0.5583479404449463
388 50379.11571120841 204 0.5607445240020752
389 50419.65609818167 204 0.5633831024169922
390 50572.04777953248 204 0.5656623840332031
391 50612.270769801224 204 0.567990779876709
392 50634.66028555975 204 0.5713715553283691
393 50834.66028555975 205 0.5737402439117432
394 50851.16028555975 205 0.5761420726776123
395 50916.11715361013 205 0.5788569450378418
396 51116.11715361013 206 0.5811829566955566
397 51132.39597420623 206 0.5835461616516113
398 51332.39597420623 207 0.5859763622283936
399 51339.00152548169 207 0.5887951850891113
400 51381.20497641384 207 0.5914268493652344
401 51413.84267390115 207 0.5938363075256348
402 51455.15821388148 207 0.5962123870849609
403 51655.15821388148 208 0.5989477634429932
404 51855.15821388148 209 0.6013295650482178
405 52055.15821388148 210 0.6047470569610596
406 52163.64969528455 210 0.6078684329986572
407 52285.21563807537 210 0.6104896068572998
408 52485.21563807537 211 0.6129064559936523
409 52560.717316676644 211 0.6154470443725586
410 52563.278869489455 211 0.6178569793701172
411 52763.278869489455 212 0.6213445663452148
412 52773.278869489455 212 0.6239960193634033
413 52849.177862924305 212 0.6264181137084961
414 52887.89859287648 212 0.6289558410644531
415 52926.63869226505 212 0.6314682960510254
416 53126.63869226505 213 0.6338715553283691
417 53172.94908751538 213 0.6371607780456543
418 53372.94908751538 214 0.6406185626983643
419 53572.94908751538 215 0.6432375907897949
420 53772.94908751538 216 0.6457931995391846
421 53845.535899707684 216 0.6483685970306396
422 54045.535899707684 217 0.6508288383483887
423 54082.29241794874 217 0.6534004211425781
424 54133.96622132025 217 0.6564590930938721
425 54240.764124339796 217 0.6589357852935791
426 54440.764124339796 218 0.6615214347839355
427 54640.764124339796 219 0.6640937328338623
428 54840.764124339796 220 0.6665549278259277
429 55040.764124339796 221 0.6690459251403809
430 55240.764124339796 222 0.6721930503845215
431 55440.764124339796 223 0.6747658252716064
432 55481.744488599856 223 0.6774752140045166
433 55681.744488599856 224 0.6800796985626221
434 55724.54280397826 224 0.6825504302978516
435 55924.54280397826 225 0.6850624084472656
436 55952.08600774532 225 0.6879165172576904
437 56099.63496081602 225 0.6904048919677734
438 56172.642821124995 225 0.692918062210083
439 56203.65369302755 225 0.6953721046447754
440 56271.32040937688 225 0.6977381706237793
441 56471.32040937688 226 0.7000932693481445
442 56543.73606303456 226 0.702810525894165
443 56743.73606303456 227 0.7054040431976318
444 56943.73606303456 228 0.7077498435974121
445 57143.73606303456 229 0.7101407051086426
446 57203.874764946784 229 0.7125654220581055
447 57324.31007182183 229 0.714850902557373
448 57524.31007182183 230 0.7171721458435059
449 57724.31007182183 231 0.7197024822235107
450 57924.31007182183 232 0.7220802307128906
451 57975.46947765084 232 0.7243204116821289
452 58175.46947765084 233 0.7265968322753906
453 58273.64550061327 233 0.7288355827331543
454 58473.64550061327 234 0.7310757637023926
455 58549.49751921481 234 0.7333569526672363
456 58749.49751921481 235 0.7358541488647461
457 58873.313881672824 235 0.7382640838623047
458 58983.555051934585 235 0.7405209541320801
459 59183.555051934585 236 0.7428336143493652
460 59187.555051934585 236 0.7450904846191406
461 59201.88368545943 236 0.7473475933074951
462 59401.88368545943 237 0.7497067451477051
463 59601.88368545943 238 0.7522411346435547
464 59801.88368545943 239 0.7547218799591064
465 59853.98954553985 239 0.7570905685424805
466 60053.98954553985 240 0.7594115734100342
467 60253.98954553985 241 0.7617018222808838
468 60453.98954553985 242 0.7643191814422607
469 60515.301484570184 242 0.7666568756103516
470 60715.301484570184 243 0.7693471908569336
471 60753.04336597508 243 0.7717452049255371
472 60811.79608932842 243 0.774141788482666
473 60897.90066349577 243 0.7764832973480225
474 60957.203466128645 243 0.7789275646209717
475 60979.22037627546 243 0.7812559604644775
476 61179.22037627546 244 0.7835843563079834
477 61379.22037627546 245 0.785944938659668
478 61579.22037627546 246 0.7883315086364746
479 61622.165010084515 246 0.7906920909881592
480 61822.165010084515 247 0.793036699295044
481 61893.13725013604 247 0.7954921722412109
482 62007.312505571084 247 0.7981188297271729
483 62076.306269934394 247 0.8005416393280029
484 62276.306269934394 248 0.8029806613922119
485 62476.306269934394 249 0.8054425716400146
486 62567.685729565026 249 0.8078246116638184
487 62666.04959547246 249 0.8103864192962646
488 62715.40582709726 249 0.8128383159637451
489 62915.40582709726 250 0.8152410984039307
490 62983.23003600615 250 0.8176333904266357
491 63031.8386253367 250 0.8201467990875244
492 63056.03188772199 250 0.8225233554840088
493 63256.03188772199 251 0.8249249458312988
494 63456.03188772199 252 0.8274118900299072
495 63502.81842037499 252 0.8303258419036865
496 63650.75697340172 252 0.8327682018280029
497 63850.75697340172 253 0.8352420330047607
498 63902.34621919347 253 0.8376705646514893
499 64102.34621919347 254 0.8400921821594238
500 64159.959481027 254 0.8426156044006348
501 64188.83012402618 254 0.8451294898986816
502 64388.83012402618 255 0.8475828170776367
503 64427.985459213276 255 0.8504176139831543
504 64627.985459213276 256 0.8529155254364014
505 64655.816624906125 256 0.8553957939147949
506 64855.816624906125 257 0.8579063415527344
507 64876.945700997225 257 0.8603792190551758
508 64969.35715752669 257 0.8628263473510742
509 65001.66349474521 257 0.8652675151824951
510 65201.66349474521 258 0.8677048683166504
511 65274.24109006538 258 0.8701620101928711
512 65474.24109006538 259 0.8726425170898438
513 65510.46263061793 259 0.8752458095550537
514 65710.46263061793 260 0.8784835338592529
515 65902.55937964917 260 0.8810040950775146
516 65940.71483726832 260 0.8835067749023438
517 66140.71483726832 261 0.8859665393829346
518 66184.1150870062 261 0.8884313106536865
519 66384.1150870062 262 0.8909602165222168
520 66406.52453799346 262 0.8940715789794922
521 66436.2033178688 262 0.8965864181518555
522 66498.94188893224 262 0.899071216583252
523 66698.94188893224 263 0.9015333652496338
524 66731.392632676 263 0.9040250778198242
525 66931.392632676 264 0.9065151214599609
526 66964.87349461581 264 0.9090025424957275
527 67028.15496828809 264 0.9115149974822998
528 67228.15496828809 265 0.914586067199707
529 67428.15496828809 266 0.9171483516693115
530 67547.91969507432 266 0.9196691513061523
531 67621.46782744899 266 0.9222009181976318
532 67710.1498567582 266 0.9247357845306396
533 67910.1498567582 267 0.9273297786712646
534 67936.92989720305 267 0.9298741817474365
535 67986.54799145476 267 0.9324009418487549
536 68186.54799145476 268 0.9349937438964844
537 68386.54799145476 269 0.9375438690185547
538 68463.36931103667 269 0.9400985240936279
539 68573.39879165374 269 0.9426486492156982
540 68653.96257203798 269 0.9452781677246094
541 68853.96257203798 270 0.9483461380004883
542 69053.96257203798 271 0.9510188102722168
543 69126.85557325114 271 0.9536659717559814
544 69326.85557325114 272 0.9562709331512451
545 69526.85557325114 273 0.958951473236084
546 69726.85557325114 274 0.9616148471832275
547 69926.85557325114 275 0.9645102024078369
548 70126.85557325114 276 0.9671928882598877
549 70326.85557325114 277 0.9700136184692383
550 70366.7666015712 277 0.9726865291595459
551 70566.7666015712 278 0.9754538536071777
552 70597.19703408872 278 0.9781520366668701
553 70797.19703408872 279 0.9812271595001221
554 70997.19703408872 280 0.9840192794799805
555 71027.02990186907 280 0.9868252277374268
556 71049.82429676228 280 0.9896388053894043
557 71249.82429676228 281 0.9924051761627197
558 71289.09424820676 281 0.9951245784759521
559 71311.74521990484 281 0.9978427886962891
560 71333.01838159858 281 1.001344919204712
561 71356.40076177285 281 1.0040786266326904
562 71556.40076177285 282 1.0070011615753174
563 71756.40076177285 283 1.009676218032837
564 71778.26070458973 283 1.012380599975586
565 71812.27996377868 283 1.0152108669281006
566 71865.85885888747 283 1.0183284282684326
567 71889.50332640987 283 1.021221399307251
568 72089.50332640987 284 1.0239391326904297
569 72122.50332640987 284 1.0268747806549072
570 72194.04441695112 284 1.0296046733856201
571 72210.32323754721 284 1.0323522090911865
572 72254.10188679647 284 1.035088062286377
573 72365.71905211684 284 1.0378906726837158
574 72432.42061180172 284 1.0406177043914795
575 72632.42061180172 285 1.0434150695800781
576 72678.71941823383 285 1.0467133522033691
577 72878.71941823383 286 1.0494887828826904
578 73078.71941823383 287 1.052248477935791
579 73131.37588828038 287 1.055114507675171
580 73230.98812356054 287 1.0578815937042236
581 73430.98812356054 288 1.0606586933135986
582 73630.98812356054 289 1.0634324550628662
583 73830.98812356054 290 1.0662174224853516
584 73841.78481483588 290 1.0690016746520996
585 74041.78481483588 291 1.071786642074585
586 74241.78481483588 292 1.074676513671875
587 74258.90606143155 292 1.0784170627593994
588 74458.90606143155 293 1.0812745094299316
589 74658.90606143155 294 1.0841090679168701
590 74858.90606143155 295 1.086944818496704
591 75058.90606143155 296 1.089775800704956
592 75258.90606143155 297 1.0926449298858643
593 75301.1876696096 297 1.096472978591919
594 75388.21882702666 297 1.0993187427520752
595 75588.21882702666 298 1.1021876335144043
596 75657.31211787369 298 1.105053424835205
597 75737.56720043841 298 1.1079034805297852
598 75874.03529604206 298 1.1108405590057373
599 76074.03529604206 299 1.1143598556518555
600 76274.03529604206 300 1.1173393726348877
601 76378.23651789955 300 1.1202385425567627
602 76578.23651789955 301 1.1235320568084717
603 76649.56172020771 301 1.1263909339904785
604 76670.45567911956 301 1.129248857498169
605 76870.45567911956 302 1.1321303844451904
606 76928.06012896195 302 1.135024070739746
607 77128.06012896195 303 1.1379013061523438
608 77168.87906541857 303 1.140777587890625
609 77198.01704734741 303 1.1436688899993896
610 77215.61358805082 303 1.1470789909362793
611 77415.61358805082 304 1.150010585784912
612 77447.61358805082 304 1.1529085636138916
613 77459.87488295192 304 1.1558198928833008
614 77659.87488295192 305 1.158768653869629
615 77859.87488295192 306 1.1617000102996826
616 78059.87488295192 307 1.164748191833496
617 78259.87488295192 308 1.1676678657531738
618 78300.61239364244 308 1.1706457138061523
619 78500.61239364244 309 1.1736054420471191
620 78700.61239364244 310 1.1765391826629639
621 78738.85047243025 310 1.1803855895996094
622 78938.85047243025 311 1.1833715438842773
623 79138.85047243025 312 1.186502456665039
624 79338.85047243025 313 1.189500093460083
625 79364.14467067069 313 1.192579984664917
626 79402.11039061449 313 1.1956744194030762
627 79602.11039061449 314 1.198652982711792
628 79622.25773467844 314 1.201697587966919
629 79734.96650794895 314 1.2047035694122314
630 79934.96650794895 315 1.20774245262146
631 79945.35167275608 315 1.210749864578247
632 80145.35167275608 316 1.2137477397918701
633 80345.35167275608 317 1.2167925834655762
634 80403.84483742922 317 1.2198362350463867
635 80603.84483742922 318 1.2228734493255615
636 80637.12966921764 318 1.2259266376495361
637 80837.12966921764 319 1.228973150253296
638 81037.12966921764 320 1.2327609062194824
639 81197.8700375872 320 1.2357985973358154
640 81397.8700375872 321 1.2388224601745605
641 81597.8700375872 322 1.241936206817627
642 81797.8700375872 323 1.244974136352539
643 81825.2220904797 323 1.2480182647705078
644 82025.2220904797 324 1.2510766983032227
645 82077.00572015211 324 1.2541468143463135
646 82211.38083051002 324 1.2572402954101562
647 82411.38083051002 325 1.26031494140625
648 82611.38083051002 326 1.2638976573944092
649 82715.42500829829 326 1.2670440673828125
650 82753.82556749396 326 1.2701661586761475
651 82953.82556749396 327 1.273322582244873
652 83046.68962313613 327 1.2764925956726074
653 83246.68962313613 328 1.2798893451690674
654 83446.68962313613 329 1.2833611965179443
655 83491.86705112844 329 1.2864928245544434
656 83615.01535857409 329 1.2896368503570557
657 83815.01535857409 330 1.292769193649292
658 84015.01535857409 331 1.2960357666015625
659 84215.01535857409 332 1.299816608428955
660 84415.01535857409 333 1.3029937744140625
661 84615.01535857409 334 1.3061721324920654
662 84815.01535857409 335 1.309337854385376
663 84827.87084904459 335 1.3125412464141846
