1 5635.624729308143 26 0.036759376525878906
2 5739.112162554103 26 0.0371553897857666
3 5845.146903666205 26 0.03750181198120117
4 6045.146903666205 27 0.0378415584564209
5 6239.276047023728 27 0.03820013999938965
6 6439.276047023728 28 0.03855323791503906
7 6510.178147504217 28 0.03891754150390625
8 6710.178147504217 29 0.03928089141845703
9 5295.61705150487 34 0.0801248550415039
10 1000 39 0.08377575874328613
11 1061.437797142034 44 0.08562183380126953
12 4946.304329903547 66 0.1157231330871582
13 1543.9650015094355 73 0.12260556221008301
14 1458.144435925188 80 0.12706470489501953
15 3394.021035055157 96 0.1431102752685547
16 800 100 0.14582157135009766
17 3000 115 0.15795111656188965
18 1069.0572061859082 120 0.16163992881774902
19 1440.8726072959187 127 0.16506743431091309
20 743.9726882427894 130 0.16897964477539062
21 1600 138 0.1724691390991211
22 1200 144 0.1751246452331543
23 1000 149 0.17686724662780762
24 1600 157 0.1806013584136963
25 1470.452271507023 164 0.18494582176208496
26 800 168 0.18645739555358887
27 1800 177 0.19054150581359863
28 800 181 0.19208431243896484
29 958.5 185 0.19382023811340332
30 2600 198 0.20090341567993164
31 800 202 0.20274662971496582
32 1763.3776336110936 210 0.2067878246307373
33 3212.9577679992585 225 0.21828603744506836
34 965.7115148765414 229 0.22127914428710938
35 1423.8484131918146 236 0.22397613525390625
36 2739.329233848076 249 0.2341628074645996
37 2347.6781773141083 258 0.24400806427001953
38 1905.9898293722688 267 0.24964118003845215
39 2924.6604725886464 280 0.26006221771240234
40 1077.1015202312315 285 0.26247525215148926
41 1753.6911258941113 292 0.2662241458892822
42 1217.0118838598964 298 0.2687187194824219
43 400 300 0.2692592144012451
44 1686.1945632614581 308 0.27283406257629395
45 1769.821466867829 316 0.2777597904205322
46 1396.1692882821685 322 0.2843151092529297
47 3636.884126210533 338 0.3024754524230957
48 850.2568890164008 342 0.30521488189697266
49 1000 347 0.3069612979888916
50 1200 348 0.3073384761810303
51 1400 349 0.3074507713317871
52 1600 350 0.307567834854126
53 1800 351 0.3076949119567871
54 1861.8981291921782 351 0.3078310489654541
55 1985.7144916501884 351 0.3079659938812256
56 2185.7144916501884 352 0.3081061840057373
57 2385.7144916501884 353 0.3082571029663086
58 2585.7144916501884 354 0.30841732025146484
59 2785.7144916501884 355 0.30858945846557617
60 2985.7144916501884 356 0.3088064193725586
61 3185.7144916501884 357 0.3090040683746338
62 3331.402387723823 357 0.3092038631439209
63 4910.5665296065 369 0.3401315212249756
64 1224.4577432819776 374 0.34423065185546875
65 1519.5770812689918 381 0.347395658493042
66 1134.1812047726619 386 0.3497428894042969
67 600 389 0.3506276607513428
68 1400 396 0.3529655933380127
69 834.193889148631 400 0.35454559326171875
70 1495.9092945721027 407 0.35750269889831543
71 1200 413 0.3596317768096924
72 800 417 0.3607652187347412
73 1885.081536574242 426 0.36489391326904297
74 420.7630752911487 428 0.3657069206237793
75 1037.412754875596 433 0.3676106929779053
76 1800 442 0.3712584972381592
77 400 444 0.3718757629394531
78 1300.199728828725 450 0.3737502098083496
79 1663.4137262142146 458 0.3774440288543701
80 1151.3876123831 463 0.3802757263183594
81 652.65647004655 466 0.381267786026001
82 686.4725726751311 469 0.38275814056396484
83 1830.3296359947797 478 0.3866126537322998
84 678.640492683599 481 0.38787174224853516
85 1319.8893952265782 487 0.3900446891784668
86 943.3039698473965 491 0.3918797969818115
87 1400 498 0.39427685737609863
88 1893.591805966748 507 0.3989715576171875
89 800 511 0.40043187141418457
