1 5648.309324820161 27 0.024920225143432617
2 5751.796758066121 27 0.025883913040161133
3 5857.831499178223 27 0.025883913040161133
4 6057.831499178223 28 0.025883913040161133
5 6251.960642535745 28 0.026915311813354492
6 6451.960642535745 29 0.026915311813354492
7 6522.862743016234 29 0.026915311813354492
8 6722.862743016234 30 0.026915311813354492
9 6777.447015031745 30 0.027884721755981445
10 6833.035919004871 30 0.027884721755981445
11 5356.59845512995 36 0.058829545974731445
12 1533.6904567422735 43 0.06481289863586426
13 1733.6904567422735 44 0.06481289863586426
14 1786.7404128299397 44 0.06481289863586426
15 1986.7404128299397 45 0.06481289863586426
16 2186.7404128299395 46 0.06481289863586426
17 2386.7404128299395 47 0.06481289863586426
18 4705.272509379581 66 0.09273862838745117
19 1277.0962402264693 72 0.09868884086608887
20 4224.009256086107 93 0.11564326286315918
21 800 97 0.11866927146911621
22 2971.173066069833 111 0.12764596939086914
23 1069.0572061859082 116 0.1296401023864746
24 1530.7975529677474 123 0.13363289833068848
25 800 127 0.13459348678588867
26 2000 137 0.13862252235412598
27 1600 145 0.14260530471801758
28 2465.2416115329384 157 0.14959049224853516
29 731.4893621343298 160 0.1515483856201172
30 1600 168 0.15356898307800293
31 1000 173 0.1555628776550293
32 1000 178 0.1575324535369873
33 2958.5 192 0.165510892868042
34 1000 197 0.16854166984558105
35 3891.192857146807 215 0.18146753311157227
36 1684.6249887178149 222 0.18845033645629883
37 3041.4638417660854 237 0.198455810546875
38 2846.869887730866 248 0.21143484115600586
39 2468.8441827115716 258 0.22036409378051758
40 2892.2064034256036 271 0.23036956787109375
41 1317.3261531900393 277 0.23332929611206055
42 2455.0078863910585 289 0.24130868911743164
43 859.2769853908917 293 0.2433023452758789
44 2931.3777790366794 307 0.25227856636047363
45 2039.2042553885383 316 0.2593088150024414
46 3181.9437113713266 331 0.2702805995941162
47 1106.100618513131 336 0.2732722759246826
48 1306.100618513131 337 0.27422118186950684
49 1357.2600243421446 337 0.27422118186950684
50 1557.2600243421446 338 0.27422118186950684
51 1757.2600243421446 339 0.27422118186950684
52 1957.2600243421446 340 0.27422118186950684
53 2033.7529840616132 340 0.27422118186950684
54 2156.3506964417716 340 0.27422118186950684
55 2280.1670588997818 340 0.27422118186950684
56 2480.1670588997818 341 0.27422118186950684
57 2680.1670588997818 342 0.27521729469299316
58 2880.1670588997818 343 0.27521729469299316
59 3080.1670588997818 344 0.27521729469299316
60 3280.1670588997818 345 0.27521729469299316
61 3480.1670588997818 346 0.27521729469299316
62 3625.854954973416 346 0.27521729469299316
63 3767.48519668375 346 0.2762167453765869
64 3967.48519668375 347 0.2762167453765869
65 4000.7267688958564 347 0.2762167453765869
66 4810.809003034621 360 0.3031766414642334
67 1388.3596987929504 366 0.30916285514831543
68 1455.7135531087365 373 0.3111557960510254
69 878.4676516639253 377 0.31314826011657715
70 1400 384 0.31513524055480957
71 1055.8873014091575 389 0.3171043395996094
72 1495.9092945721027 396 0.32012510299682617
73 1422.4094509872734 403 0.32408714294433594
74 1200 409 0.32810306549072266
75 1620.7630752911487 417 0.3330979347229004
76 1637.412754875596 425 0.3360867500305176
77 1400 432 0.3390786647796631
78 1500.199728828725 439 0.3430631160736084
79 1763.1832572981941 447 0.3470489978790283
80 1090.4066174417671 452 0.34902000427246094
81 928.3323514463448 456 0.3510136604309082
82 2321.8425460723065 467 0.3570263385772705
83 1319.8893952265782 473 0.3600139617919922
84 963.3258697246049 477 0.3619852066040039
85 2000 487 0.3659977912902832
86 2026.4857091052938 496 0.37200021743774414
