1 5604.372692719959 26 0.0326237678527832
2 5707.860125965918 26 0.03300905227661133
3 5813.89486707802 26 0.033342599868774414
4 6013.89486707802 27 0.0336763858795166
5 6208.0240104355435 27 0.03425860404968262
6 6408.0240104355435 28 0.034891366958618164
7 6478.9261109160325 28 0.03533172607421875
8 6678.9261109160325 29 0.03568220138549805
9 6733.510382931543 29 0.036038875579833984
10 6789.0992869046695 29 0.03640174865722656
11 6989.0992869046695 30 0.03676486015319824
12 7189.0992869046695 31 0.03713536262512207
13 7389.0992869046695 32 0.037515878677368164
14 7589.0992869046695 33 0.03791165351867676
15 7789.0992869046695 34 0.03925514221191406
16 7850.537084046704 34 0.03970766067504883
17 7873.903561058559 34 0.04013538360595703
18 7946.156220658799 34 0.04055643081665039
19 7994.468039657079 34 0.04098176956176758
20 8082.899369032635 34 0.04141092300415039
21 8242.172453372941 34 0.04235339164733887
22 8442.172453372941 35 0.04282379150390625
23 8642.172453372941 36 0.04326009750366211
24 8842.172453372941 37 0.04370260238647461
25 9042.172453372941 38 0.04415559768676758
26 9205.8302601643 38 0.04461336135864258
27 9405.8302601643 39 0.045076608657836914
28 9605.8302601643 40 0.04554486274719238
29 9805.8302601643 41 0.04604768753051758
30 9863.109593026616 41 0.0465550422668457
31 9958.342077985297 41 0.047052621841430664
32 10155.269057642665 41 0.047541141510009766
33 10355.269057642665 42 0.048037052154541016
34 10555.269057642665 43 0.048628807067871094
35 10755.269057642665 44 0.049164772033691406
36 10914.149457872008 44 0.04971194267272949
37 11009.381942830689 44 0.05025315284729004
38 11209.381942830689 45 0.05117011070251465
39 11320.341337898666 45 0.05185198783874512
40 11520.341337898666 46 0.052392005920410156
41 11720.341337898666 47 0.053096771240234375
42 11817.841337898666 47 0.0536653995513916
43 11888.597274214098 47 0.05423688888549805
44 12064.664375532902 47 0.054802656173706055
45 12264.664375532902 48 0.05536770820617676
46 12313.172186126485 48 0.055937767028808594
47 12451.403875691505 48 0.05650973320007324
48 12589.635565256525 48 0.05707502365112305
49 12789.635565256525 49 0.05764579772949219
50 12861.607541262565 49 0.05823397636413574
51 12900.301171871246 49 0.058820247650146484
52 13012.55084887329 49 0.05940580368041992
53 13212.55084887329 50 0.05999183654785156
54 13412.55084887329 51 0.06058788299560547
55 13453.25017334812 51 0.061185598373413086
56 13590.740822647174 51 0.06181645393371582
57 13722.022386586304 51 0.06243133544921875
58 13856.772250744596 51 0.06318378448486328
59 13987.48199641286 51 0.06379866600036621
60 14107.288459037118 51 0.06440949440002441
61 14273.791431448088 51 0.06501555442810059
62 14417.265558432326 51 0.06564736366271973
63 14478.812776205921 51 0.06656503677368164
64 14508.932079304053 51 0.06786656379699707
65 14708.932079304053 52 0.06851887702941895
66 14908.932079304053 53 0.06917405128479004
67 15108.932079304053 54 0.06980061531066895
68 15191.21952146136 54 0.07045292854309082
69 15310.336827214885 54 0.07109236717224121
70 15487.383831998155 54 0.07172966003417969
71 15687.383831998155 55 0.0723726749420166
72 15805.859786772573 55 0.07335805892944336
73 16005.859786772573 56 0.07403159141540527
74 16205.859786772573 57 0.07469964027404785
75 16405.859786772573 58 0.07537269592285156
76 16605.859786772573 59 0.07613563537597656
77 16805.859786772573 60 0.07692575454711914
78 17000.685034977396 60 0.07765340805053711
79 17200.685034977396 61 0.0783841609954834
80 17224.6942910635 61 0.07910728454589844
81 17306.84479999781 61 0.07982754707336426
82 17327.587286079797 61 0.08055448532104492
83 17527.587286079797 62 0.08129763603210449
84 17706.609629659488 62 0.08214163780212402
85 17906.609629659488 63 0.0831458568572998
86 18031.10764400586 63 0.0839388370513916
87 18231.10764400586 64 0.08469080924987793
88 18431.10764400586 65 0.08543539047241211
89 18575.577182802183 65 0.08621740341186523
90 18775.577182802183 66 0.08698701858520508
91 18881.26179128875 66 0.08776617050170898
92 19081.26179128875 67 0.08854413032531738
93 19281.26179128875 68 0.08932828903198242
94 19452.434857358585 68 0.09012985229492188
95 19652.434857358585 69 0.09091472625732422
96 19852.434857358585 70 0.09170103073120117
97 19982.003198036404 70 0.09247469902038574
98 20182.003198036404 71 0.09326028823852539
99 20301.134177424992 71 0.09406709671020508
100 20367.247213136478 71 0.09489011764526367
101 20567.247213136478 72 0.09568929672241211
102 20767.247213136478 73 0.09649872779846191
103 20797.774742886853 73 0.09733080863952637
104 20922.183686441414 73 0.09815263748168945
105 21072.56627817478 73 0.1052091121673584
106 21131.18590758782 73 0.10609865188598633
107 21299.067724880475 73 0.10695791244506836
108 21499.067724880475 74 0.10778212547302246
109 21600.260371679844 74 0.10860514640808105
110 21800.260371679844 75 0.10942769050598145
111 21933.83917773732 75 0.1102440357208252
112 4854.186967148782 84 0.1746675968170166
113 4900.973499801784 84 0.17545557022094727
114 5100.973499801784 85 0.17577862739562988
115 5300.973499801784 86 0.17609167098999023
116 5335.034153043903 86 0.17641162872314453
117 5139.802650496524 108 0.2191758155822754
118 5063.328374562134 131 0.2582824230194092
119 5171.887627989809 131 0.2586226463317871
120 5198.514796224971 131 0.25891995429992676
121 5398.514796224971 132 0.2592144012451172
122 5598.514796224971 133 0.2595231533050537
123 5798.514796224971 134 0.25983548164367676
124 5998.514796224971 135 0.26015639305114746
125 6198.514796224971 136 0.26049280166625977
126 6381.022182621654 136 0.2608315944671631
127 6548.862002923763 136 0.26117849349975586
128 6748.862002923763 137 0.2615237236022949
129 6907.44622443323 137 0.26193809509277344
130 7107.44622443323 138 0.2623581886291504
131 7307.44622443323 139 0.26271557807922363
132 7507.44622443323 140 0.2630801200866699
133 7565.489430582482 140 0.26344895362854004
134 7630.120800106512 140 0.26381778717041016
135 7659.417319236125 140 0.2641901969909668
136 7859.417319236125 141 0.2646915912628174
137 8059.417319236125 142 0.2650792598724365
138 8081.806125766318 142 0.2654755115509033
139 8106.526835013162 142 0.26587510108947754
140 8172.156262202536 142 0.2662804126739502
141 8200.686036346728 142 0.2666759490966797
142 8216.635147249426 142 0.26706981658935547
143 8246.46601773363 142 0.26746630668640137
144 8297.53902863512 142 0.2678565979003906
145 8363.073269388111 142 0.26825404167175293
146 8395.654493926428 142 0.26865196228027344
147 8413.461586821388 142 0.2690441608428955
148 8477.99313433415 142 0.269439697265625
149 8492.427115466207 142 0.2698547840118408
150 8525.379574480789 142 0.27026891708374023
151 8725.379574480789 143 0.27067041397094727
152 8925.379574480789 144 0.2710745334625244
153 8996.616826317873 144 0.27172327041625977
154 9196.616826317873 145 0.27230024337768555
155 9217.064905636198 145 0.27272677421569824
156 9248.88467154935 145 0.27315616607666016
157 9448.88467154935 146 0.2735874652862549
158 9487.761915035848 146 0.27402639389038086
159 9687.761915035848 147 0.274463415145874
160 9754.70064718083 147 0.27491068840026855
161 9954.70064718083 148 0.27536463737487793
162 10033.751247681961 148 0.2758169174194336
163 10213.084675291508 148 0.27626681327819824
164 10284.117194733519 148 0.27672386169433594
165 10308.691967338194 148 0.2771642208099365
166 10467.097823258562 148 0.27760815620422363
167 10497.912244011195 148 0.27805233001708984
168 10697.912244011195 149 0.2785038948059082
169 10725.94858065366 149 0.2789433002471924
170 10813.175624553003 149 0.2793750762939453
171 10856.238517083646 149 0.2798032760620117
172 10921.291911519837 149 0.2802395820617676
173 10969.087229200868 149 0.28067874908447266
174 11004.841838120703 149 0.2811126708984375
175 11047.704949285566 149 0.28154540061950684
176 11247.704949285566 150 0.2819828987121582
177 11374.463963868808 150 0.2824409008026123
178 11441.57106164715 150 0.28291916847229004
179 11562.993736711887 150 0.28336429595947266
180 11575.03533129068 150 0.28380775451660156
181 11645.265109560414 150 0.2842538356781006
182 11669.83988216509 150 0.28470492362976074
183 11825.860239121423 150 0.28531861305236816
184 11925.569002968015 150 0.28987765312194824
185 12012.905617587303 150 0.29034900665283203
186 12041.673369748778 150 0.29082822799682617
187 12147.578988107767 150 0.2912943363189697
188 12198.078988107767 150 0.291762113571167
189 12230.723570029128 150 0.2922062873840332
190 12296.025248682987 150 0.29267287254333496
191 12342.18772691313 150 0.2931380271911621
192 12372.638439345294 150 0.29360270500183105
193 12418.97079704864 150 0.2940704822540283
194 12618.97079704864 151 0.29453492164611816
195 12658.000855394894 151 0.29500699043273926
196 12858.000855394894 152 0.29547739028930664
197 12925.06441644746 152 0.2959597110748291
198 12953.466272069441 152 0.29644083976745605
199 13071.524178798192 152 0.2969245910644531
200 13082.044976087589 152 0.2973923683166504
201 13133.430180622934 152 0.29785799980163574
202 13153.826258677305 152 0.29833102226257324
203 13188.865270426522 152 0.2987990379333496
204 13225.503757027918 152 0.29926562309265137
205 13268.830233290464 152 0.2997443675994873
206 13468.830233290464 153 0.30037689208984375
207 13668.830233290464 154 0.30086493492126465
208 13850.279376017153 154 0.30138278007507324
209 14050.279376017153 155 0.3019073009490967
210 14250.279376017153 156 0.30242204666137695
211 14287.78845567802 156 0.3029298782348633
212 14474.424455833936 156 0.3034482002258301
213 14674.424455833936 157 0.30395984649658203
214 14865.229047690162 157 0.304915189743042
215 14887.411248389963 157 0.305483341217041
216 14927.366542307713 157 0.306027889251709
217 14961.947661268363 157 0.3066070079803467
218 14992.178975080464 157 0.3071272373199463
219 15118.736930381503 157 0.3076746463775635
220 4706.557652260575 172 0.35788440704345703
221 4906.557652260575 173 0.3582007884979248
222 5040.151764507369 173 0.35848259925842285
223 5117.2532847386 173 0.3587532043457031
224 5147.882980603316 173 0.3590245246887207
225 5347.882980603316 174 0.3592970371246338
226 5547.882980603316 175 0.3595767021179199
227 5747.882980603316 176 0.3599362373352051
228 5799.079130854345 176 0.3605506420135498
229 5999.079130854345 177 0.36117053031921387
230 6034.772663886013 177 0.3614821434020996
231 6234.772663886013 178 0.36179327964782715
232 6399.228673582273 178 0.3621201515197754
233 6599.228673582273 179 0.36244726181030273
234 6631.6360204755865 179 0.3627817630767822
235 6765.781096898295 179 0.3631131649017334
236 6965.781096898295 180 0.36344385147094727
237 7036.958309448422 180 0.36381101608276367
238 7236.958309448422 181 0.36460375785827637
239 7436.958309448422 182 0.3650400638580322
240 7459.71100941263 182 0.36542439460754395
241 7659.71100941263 183 0.3658115863800049
242 7759.265139564783 183 0.36621761322021484
243 7796.580234523515 183 0.36661720275878906
244 7996.580234523515 184 0.3670156002044678
245 8042.144566094843 184 0.36742258071899414
246 8242.144566094843 185 0.36783576011657715
247 8315.611882841202 185 0.3682410717010498
248 8328.26496805093 185 0.36864781379699707
249 8404.436085513127 185 0.3690505027770996
250 8578.65897485198 185 0.36945009231567383
251 8731.38625435371 185 0.36985039710998535
252 8910.444642934248 185 0.3702576160430908
253 9110.444642934248 186 0.3706684112548828
254 9267.940333044366 186 0.3710646629333496
255 9467.940333044366 187 0.37146615982055664
256 9667.940333044366 188 0.3718760013580322
257 9695.211804461513 188 0.3722972869873047
258 9895.211804461513 189 0.3727226257324219
259 10040.209933710834 189 0.3731544017791748
260 10240.209933710834 190 0.37358760833740234
261 10440.209933710834 191 0.3740360736846924
262 10562.15855479859 191 0.37448978424072266
263 10585.062012175993 191 0.3749244213104248
264 10785.062012175993 192 0.37536048889160156
265 10805.568261199736 192 0.3758080005645752
266 11005.568261199736 193 0.37625551223754883
267 11144.62441052526 193 0.3769862651824951
268 11344.62441052526 194 0.37845826148986816
269 11369.44892448703 194 0.3790433406829834
270 11484.604915680144 194 0.37955737113952637
271 11524.843145923885 194 0.3800656795501709
272 11649.835637359025 194 0.38057923316955566
273 11764.644618254119 194 0.3810880184173584
274 11839.743688496883 194 0.38159871101379395
275 11998.982347112416 194 0.3821146488189697
276 12148.502827551987 194 0.3826272487640381
277 12213.124411166942 194 0.3831162452697754
278 12365.284261944511 194 0.38361167907714844
279 12475.310702259158 194 0.38408994674682617
280 12570.979675675662 194 0.38468337059020996
281 12665.169250028412 194 0.38517236709594727
282 12706.181820257909 194 0.38577914237976074
283 12906.181820257909 195 0.3862760066986084
284 12935.748971391735 195 0.38677000999450684
285 13046.646361654733 195 0.38725972175598145
286 13214.510344211656 195 0.38775134086608887
287 13248.28784920506 195 0.3882269859313965
288 13448.28784920506 196 0.38873863220214844
289 13648.28784920506 197 0.38922858238220215
290 13848.28784920506 198 0.3897268772125244
291 14048.28784920506 199 0.39023613929748535
292 14248.28784920506 200 0.3907485008239746
293 14425.259806283822 200 0.3912680149078369
294 14625.259806283822 201 0.3917849063873291
295 14656.9340170228 201 0.39234209060668945
296 14856.9340170228 202 0.39296650886535645
297 14898.989931098213 202 0.3935232162475586
298 15098.989931098213 203 0.3940865993499756
299 15134.645968810839 203 0.3946518898010254
300 15184.532518414757 203 0.3952188491821289
301 15213.464449285857 203 0.3957822322845459
302 15330.011509242091 203 0.396343469619751
303 15439.273836716755 203 0.39690136909484863
304 15519.631570668238 203 0.3974571228027344
305 15565.103400333412 203 0.39801764488220215
306 15691.638614205694 203 0.3985743522644043
307 15764.278456609673 203 0.3991231918334961
308 15964.278456609673 204 0.39967942237854004
309 16039.161189709486 204 0.40024733543395996
310 16132.422976995262 204 0.4009273052215576
311 16332.422976995262 205 0.40161705017089844
312 16532.42297699526 206 0.4022030830383301
313 16664.527085387916 206 0.4027903079986572
314 16864.527085387916 207 0.40337491035461426
315 5253.98502611847 220 0.4555656909942627
316 5453.98502611847 221 0.4558870792388916
317 5653.98502611847 222 0.45618391036987305
318 5853.98502611847 223 0.45648694038391113
319 5974.865357709239 223 0.4567997455596924
320 6174.865357709239 224 0.4571061134338379
321 6363.546891283971 224 0.4574270248413086
322 6563.546891283971 225 0.4577500820159912
323 6763.546891283971 226 0.45808935165405273
324 6963.546891283971 227 0.45842552185058594
325 7052.263174861243 227 0.45877599716186523
326 7196.183381751109 227 0.4591209888458252
327 7387.905667103673 227 0.4594707489013672
328 7514.630667646623 227 0.45981574058532715
329 7714.630667646623 228 0.4601597785949707
330 7914.630667646623 229 0.46051454544067383
331 7974.769369558848 229 0.4608798027038574
332 8095.20467643389 229 0.4612441062927246
333 8295.20467643389 230 0.4616093635559082
334 8451.331989618526 230 0.46198606491088867
335 8651.331989618526 231 0.4623713493347168
336 8702.49139544754 231 0.4627571105957031
337 8902.49139544754 232 0.4631469249725342
338 9102.49139544754 233 0.4635429382324219
339 9302.49139544754 234 0.46394872665405273
340 9378.98435516701 234 0.46436262130737305
341 9501.582067547168 234 0.46477651596069336
342 9625.398430005178 234 0.4651916027069092
343 9825.398430005178 235 0.4656076431274414
344 10025.398430005178 236 0.46616435050964355
345 10029.398430005178 236 0.46660470962524414
346 10229.398430005178 237 0.46704554557800293
347 10429.398430005178 238 0.4674947261810303
348 10629.398430005178 239 0.46795153617858887
349 10642.528366266148 239 0.4684152603149414
350 10701.566169066911 239 0.4688854217529297
351 10901.566169066911 240 0.4693460464477539
352 10934.807741279017 240 0.4698214530944824
353 11134.807741279017 241 0.47029805183410645
354 11183.3961175732 241 0.4708292484283447
355 11358.949901420467 241 0.4714193344116211
356 11457.104151543466 241 0.4719114303588867
357 11515.856874896806 241 0.47240114212036133
358 11635.466722702786 241 0.47289538383483887
359 11726.127068757774 241 0.47338151931762695
360 11811.038730742843 241 0.4738774299621582
361 12011.038730742843 242 0.4743766784667969
362 12211.038730742843 243 0.47487354278564453
363 12275.548729743043 243 0.4754364490509033
364 12344.5700915793 243 0.47594547271728516
365 12544.5700915793 244 0.4764530658721924
366 12744.5700915793 245 0.47714853286743164
367 12940.068540098408 245 0.4780232906341553
368 12980.12437183999 245 0.478560209274292
369 13180.12437183999 246 0.4790937900543213
370 13224.505804422446 246 0.4796309471130371
371 13368.99431159469 246 0.48016834259033203
372 13477.776120128523 246 0.48070836067199707
373 13677.776120128523 247 0.481245756149292
374 13877.776120128523 248 0.4817953109741211
375 13977.772151571538 248 0.4823627471923828
376 14046.875646712366 248 0.4829263687133789
377 14246.875646712366 249 0.4834883213043213
378 14282.778292854398 249 0.4840545654296875
379 14482.778292854398 250 0.48461413383483887
380 14682.778292854398 251 0.485187292098999
381 14882.778292854398 252 0.48576974868774414
382 4818.9125922195335 261 0.5417532920837402
383 4882.194065891808 261 0.5420441627502441
384 5082.194065891808 262 0.5422871112823486
385 5282.194065891808 263 0.542534351348877
386 5482.194065891808 264 0.542790412902832
387 5579.654762862442 264 0.5430536270141602
388 5779.654762862442 265 0.5433158874511719
389 5979.654762862442 266 0.5435855388641357
390 6074.301422408305 266 0.5438663959503174
391 6274.301422408305 267 0.5441505908966064
392 4931.841026871147 284 0.5855162143707275
393 4985.419921979933 284 0.5858213901519775
394 5037.176254566255 284 0.5861070156097412
395 5237.176254566255 285 0.5863828659057617
396 5285.945231813867 285 0.5866646766662598
397 5367.570111852145 285 0.5869452953338623
398 5383.848932448244 285 0.5872228145599365
399 5583.848932448244 286 0.5875015258789062
400 5743.980160546975 286 0.5877864360809326
401 5810.681720231847 286 0.5894937515258789
402 5953.260791114018 286 0.5898168087005615
403 6003.48599158087 286 0.5901257991790771
404 4674.744870788263 306 0.6238119602203369
405 4690.554967933333 306 0.6241092681884766
406 4752.470736633918 306 0.6243617534637451
407 4791.838723374572 306 0.6246066093444824
408 4991.838723374572 307 0.624863862991333
409 5038.198939725741 307 0.6251161098480225
410 5099.038561007151 307 0.6253645420074463
411 5130.626930625124 307 0.6256098747253418
412 5330.626930625124 308 0.6258938312530518
413 5530.626930625124 309 0.6261637210845947
414 5610.119916546887 309 0.626450777053833
415 5634.934552248157 309 0.6268532276153564
416 5671.555122599984 309 0.6271390914916992
417 5784.6284860646865 309 0.6274173259735107
418 5984.6284860646865 310 0.6278367042541504
419 6032.303890161862 310 0.6284365653991699
420 6232.303890161862 311 0.6290032863616943
421 6432.303890161862 312 0.6294283866882324
422 6517.378516529529 312 0.629824161529541
423 6552.386527566702 312 0.6302173137664795
424 6679.556267292092 312 0.6305422782897949
425 6696.534603141614 312 0.6308605670928955
426 6739.4772850567415 312 0.6311893463134766
427 6866.3111663809 312 0.6315107345581055
428 7064.967470053837 312 0.6318097114562988
429 7096.928296603236 312 0.6321094036102295
430 7296.928296603236 313 0.6324105262756348
431 7357.99032102874 313 0.6327190399169922
432 7421.125172289893 313 0.6330277919769287
433 7621.125172289893 314 0.6333372592926025
434 7652.917094375828 314 0.6337747573852539
435 7852.917094375828 315 0.6341116428375244
436 7891.742004591182 315 0.634441614151001
437 8091.742004591182 316 0.6347787380218506
438 8160.582057808371 316 0.6351189613342285
439 8191.971752246204 316 0.6354579925537109
440 8391.971752246205 317 0.6357955932617188
441 8451.689989172834 317 0.6361417770385742
442 8520.283494116784 317 0.6364905834197998
443 8582.562404021573 317 0.6368401050567627
444 8716.937514379484 317 0.6371877193450928
445 8861.468421208281 317 0.6375308036804199
446 9004.642600638985 317 0.6378717422485352
447 9204.642600638985 318 0.638235330581665
448 9323.926992607587 318 0.6385929584503174
449 9523.926992607587 319 0.6390118598937988
450 9652.857748451737 319 0.6394200325012207
451 9734.777823972841 319 0.6397879123687744
452 9778.82363266627 319 0.6401557922363281
453 9863.06440421526 319 0.6405236721038818
454 10063.06440421526 320 0.6408958435058594
455 10164.209506217581 320 0.6412768363952637
456 10239.969676746774 320 0.6417882442474365
457 10329.65161981303 320 0.6424729824066162
458 10417.414185691241 320 0.6428534984588623
459 10482.061601432515 320 0.6432266235351562
460 10570.490633203668 320 0.6436023712158203
