1 5604.372692719959 26 0.03512263298034668
2 5707.860125965918 26 0.03552699089050293
3 5813.89486707802 26 0.03628039360046387
4 6013.89486707802 27 0.0369265079498291
5 6208.0240104355435 27 0.03740048408508301
6 6408.0240104355435 28 0.03775167465209961
7 6478.9261109160325 28 0.03811836242675781
8 6678.9261109160325 29 0.03848004341125488
9 6733.510382931543 29 0.038851261138916016
10 6789.0992869046695 29 0.03922724723815918
11 6989.0992869046695 30 0.03959989547729492
12 7189.0992869046695 31 0.03999042510986328
13 7389.0992869046695 32 0.04039645195007324
14 7589.0992869046695 33 0.040817975997924805
15 7789.0992869046695 34 0.04122638702392578
16 7850.537084046704 34 0.041643381118774414
17 7873.903561058559 34 0.04206061363220215
18 7946.156220658799 34 0.04247403144836426
19 7994.468039657079 34 0.042890310287475586
20 8082.899369032635 34 0.04330325126647949
21 8242.172453372941 34 0.043717145919799805
22 8442.172453372941 35 0.04413747787475586
23 8642.172453372941 36 0.04456925392150879
24 8842.172453372941 37 0.045011281967163086
25 9042.172453372941 38 0.04546332359313965
26 9205.8302601643 38 0.04591774940490723
27 9405.8302601643 39 0.046376705169677734
28 9605.8302601643 40 0.04684638977050781
29 9805.8302601643 41 0.04732704162597656
30 9863.109593026616 41 0.04781508445739746
31 9958.342077985297 41 0.04831337928771973
32 10155.269057642665 41 0.04880881309509277
33 10355.269057642665 42 0.04929614067077637
34 10555.269057642665 43 0.04979658126831055
35 10755.269057642665 44 0.050318241119384766
36 10914.149457872008 44 0.051642656326293945
37 11009.381942830689 44 0.052848100662231445
38 11209.381942830689 45 0.053403377532958984
39 11233.712992951881 45 0.05394792556762695
40 11433.712992951881 46 0.05446338653564453
41 11633.712992951881 47 0.054986000061035156
42 11731.212992951881 47 0.05564308166503906
43 11801.968929267314 47 0.056304931640625
44 11978.036030586118 47 0.05687594413757324
45 12178.036030586118 48 0.0574493408203125
46 12226.5438411797 48 0.058052778244018555
47 12364.77553074472 48 0.05864071846008301
48 12503.00722030974 48 0.05923032760620117
49 12703.00722030974 49 0.05987119674682617
50 12774.97919631578 49 0.061242103576660156
51 12813.672826924461 49 0.061978816986083984
52 12925.922503926506 49 0.06257319450378418
53 13125.922503926506 50 0.06315302848815918
54 13325.922503926506 51 0.06374263763427734
55 13366.621828401336 51 0.06442737579345703
56 13504.11247770039 51 0.0650327205657959
57 13635.39404163952 51 0.0656733512878418
58 13770.143905797811 51 0.06632637977600098
59 13900.853651466075 51 0.06694531440734863
60 14020.660114090333 51 0.06758260726928711
61 14187.163086501303 51 0.06821894645690918
62 14330.637213485541 51 0.07192850112915039
63 14392.184431259137 51 0.07269573211669922
64 14422.303734357269 51 0.0733339786529541
65 14622.303734357269 52 0.07395815849304199
66 14822.303734357269 53 0.07460474967956543
67 15022.303734357269 54 0.07524728775024414
68 15104.591176514576 54 0.07590532302856445
69 15223.7084822681 54 0.07697844505310059
70 15400.75548705137 54 0.0790109634399414
71 15600.75548705137 55 0.08016180992126465
72 15719.231441825788 55 0.08088397979736328
73 15919.231441825788 56 0.08157563209533691
74 16119.231441825788 57 0.08226847648620605
75 16319.231441825788 58 0.08295249938964844
76 16519.23144182579 59 0.08364200592041016
77 16719.23144182579 60 0.08435773849487305
78 16914.05669003061 60 0.08510327339172363
79 17114.05669003061 61 0.08582234382629395
80 17138.065946116716 61 0.08655500411987305
81 17220.216455051024 61 0.08745837211608887
82 17240.958941133013 61 0.08822226524353027
83 17440.958941133013 62 0.08895468711853027
84 17619.981284712703 62 0.08969283103942871
85 17819.981284712703 63 0.09042882919311523
86 17944.479299059076 63 0.09152412414550781
87 18144.479299059076 64 0.09298515319824219
88 18344.479299059076 65 0.0944662094116211
89 18488.948837855398 65 0.09654068946838379
90 18688.948837855398 66 0.09793615341186523
91 18794.633446341966 66 0.09952759742736816
92 18994.633446341966 67 0.1011953353881836
93 19194.633446341966 68 0.10270023345947266
94 19365.8065124118 68 0.10480833053588867
95 19565.8065124118 69 0.10630607604980469
96 19765.8065124118 70 0.10798978805541992
97 19895.37485308962 70 0.11103248596191406
98 20095.37485308962 71 0.1139216423034668
99 20214.505832478208 71 0.11487269401550293
100 20280.618868189693 71 0.1157522201538086
101 20480.618868189693 72 0.1166229248046875
102 20680.618868189693 73 0.11747169494628906
103 20711.14639794007 73 0.11835360527038574
104 20835.55534149463 73 0.11923384666442871
105 20985.937933227997 73 0.12013101577758789
106 21044.557562641035 73 0.12101960182189941
107 21212.43937993369 73 0.12190055847167969
108 21412.43937993369 74 0.12289214134216309
109 21513.63202673306 74 0.1237785816192627
110 21713.63202673306 75 0.12469124794006348
111 21847.210832790537 75 0.12559151649475098
112 21981.605620730315 75 0.12702441215515137
113 22181.605620730315 76 0.1283557415008545
114 5007.920089892436 85 0.20173883438110352
115 5207.920089892436 86 0.2020721435546875
116 5407.920089892436 87 0.20238041877746582
117 5607.920089892436 88 0.2026982307434082
118 5807.920089892436 89 0.20302915573120117
119 5843.825509969533 89 0.20336055755615234
120 5930.059421623677 89 0.20369386672973633
121 6130.059421623677 90 0.20404839515686035
122 6330.059421623677 91 0.20440363883972168
123 6530.059421623677 92 0.20476531982421875
124 6730.059421623677 93 0.20513653755187988
125 6930.059421623677 94 0.2055199146270752
126 6966.671351404008 94 0.20591235160827637
127 7166.671351404008 95 0.20653414726257324
128 7366.671351404008 96 0.20728707313537598
129 7566.671351404008 97 0.20816254615783691
130 7766.671351404008 98 0.2089071273803711
131 7966.671351404008 99 0.2095038890838623
132 8004.539405553356 99 0.21021151542663574
133 8204.539405553356 100 0.21066904067993164
134 8319.765926294995 100 0.211134672164917
135 8519.765926294995 101 0.2115938663482666
136 8645.768729895699 101 0.21208548545837402
137 8845.768729895699 102 0.21256113052368164
138 8884.227870480261 102 0.2130424976348877
139 8916.13398274735 102 0.21352314949035645
140 9116.13398274735 103 0.21402215957641602
141 9162.690067036987 103 0.21451330184936523
142 9209.476599689988 103 0.21500611305236816
143 9349.301056370196 103 0.2154996395111084
144 9549.301056370196 104 0.21597957611083984
145 9583.361709612314 104 0.2164759635925293
146 9690.008436693914 104 0.2169656753540039
147 9729.0654464021 104 0.21746611595153809
148 9929.0654464021 105 0.21804094314575195
149 9950.260438443807 105 0.21853971481323242
150 10044.656235959716 105 0.21903610229492188
151 10169.287917866994 105 0.21953320503234863
152 10195.675164080238 105 0.22004127502441406
153 10391.638925819883 105 0.22053790092468262
154 10449.884226239641 105 0.22104620933532715
155 10596.85897731576 105 0.22154021263122559
156 10631.02834244387 105 0.22203731536865234
157 10683.765921525499 105 0.2225322723388672
158 10790.83687959072 105 0.22318196296691895
159 10838.259827302983 105 0.2240924835205078
160 10951.662453145304 105 0.22507977485656738
161 11151.662453145304 106 0.22594451904296875
162 11245.245059957053 106 0.22672629356384277
163 11326.745059957053 106 0.22733211517333984
164 11374.407060150666 106 0.22787022590637207
165 11574.407060150666 107 0.22840189933776855
166 11774.407060150666 108 0.22898125648498535
167 11974.407060150666 109 0.23033833503723145
168 12003.629951555336 109 0.23091506958007812
169 12154.623452780497 109 0.23145771026611328
170 12220.89361103539 109 0.23204350471496582
171 12274.126980473648 109 0.2326056957244873
172 12474.126980473648 110 0.23314833641052246
173 12674.126980473648 111 0.23371076583862305
174 12754.572994723438 111 0.2343282699584961
175 12954.572994723438 112 0.2350161075592041
176 13154.572994723438 113 0.2356252670288086
177 13219.30242191009 113 0.23626470565795898
178 13272.477055442576 113 0.2368457317352295
179 13360.262612874118 113 0.23743724822998047
180 13443.84124878039 113 0.23803019523620605
181 13564.84124878039 113 0.23868346214294434
182 13764.84124878039 114 0.23931479454040527
183 13964.84124878039 115 0.24025559425354004
184 14122.700049054278 115 0.24207186698913574
185 14322.700049054278 116 0.24320197105407715
186 14393.531481589893 116 0.2440648078918457
187 14593.531481589893 117 0.24472355842590332
188 14674.955804571877 117 0.24537110328674316
189 14730.850282897243 117 0.24602341651916504
190 14930.850282897243 118 0.24668240547180176
191 14962.768513791392 118 0.24733710289001465
192 15010.017719894417 118 0.24799561500549316
193 15210.017719894417 119 0.24868273735046387
194 15237.086965313596 119 0.24934911727905273
195 15362.558861840267 119 0.2500126361846924
196 15392.699938810492 119 0.2506709098815918
197 15487.117692483913 119 0.2513735294342041
198 15629.959074478375 119 0.25205492973327637
199 15700.990225594083 119 0.2527022361755371
200 15798.151888917553 119 0.2533397674560547
201 15874.791153355041 119 0.25397443771362305
202 15897.291153355041 119 0.25461626052856445
203 16021.582418394446 119 0.25530028343200684
204 16207.094092472475 119 0.2559537887573242
205 16282.459652652105 119 0.25661253929138184
206 16323.263161154087 119 0.25725317001342773
207 16523.263161154086 120 0.25787997245788574
208 16723.263161154086 121 0.2585182189941406
209 16923.263161154086 122 0.25916481018066406
210 17092.40580619986 122 0.2598106861114502
211 17292.40580619986 123 0.2604665756225586
212 17492.40580619986 124 0.2611274719238281
213 17638.834823444526 124 0.2618114948272705
214 17838.834823444526 125 0.2624673843383789
215 5383.34869164045 141 0.33225178718566895
216 5583.34869164045 142 0.33257269859313965
217 5783.34869164045 143 0.33287858963012695
218 5983.34869164045 144 0.3331737518310547
219 6154.571702246693 144 0.33347487449645996
220 6307.748139102917 144 0.33377766609191895
221 6356.038267421405 144 0.33408212661743164
222 6556.038267421405 145 0.3343958854675293
223 6756.038267421405 146 0.33470892906188965
224 6888.654691407699 146 0.33506131172180176
225 7088.654691407699 147 0.3353841304779053
226 7240.552099137791 147 0.33571887016296387
227 7307.647588751207 147 0.33606481552124023
228 7355.0745609792175 147 0.33643293380737305
229 7413.570651693831 147 0.3367795944213867
230 7579.7923858531385 147 0.33712005615234375
231 7627.966215984027 147 0.33745908737182617
232 7714.883297649388 147 0.33781003952026367
233 7767.002821416951 147 0.33814239501953125
234 7967.002821416951 148 0.33847475051879883
235 8005.7048519752 148 0.33881044387817383
236 8046.51433623163 148 0.3391454219818115
237 8100.27403277455 148 0.33948326110839844
238 8300.274032774549 149 0.33982300758361816
239 8371.511284611634 149 0.3401808738708496
240 8387.989356379347 149 0.3405323028564453
241 8429.473284877598 149 0.3408808708190918
242 8496.889915019929 149 0.3412327766418457
243 8696.889915019929 150 0.3415820598602295
244 8896.889915019929 151 0.34193849563598633
245 9096.889915019929 152 0.3423116207122803
246 9171.947213284056 152 0.34268856048583984
247 9371.947213284056 153 0.34307169914245605
248 9571.947213284056 154 0.3434584140777588
249 9737.329156412694 154 0.34385132789611816
250 9910.558924002757 154 0.3442564010620117
251 9980.070034561453 154 0.3446691036224365
252 10138.47589048182 154 0.34506702423095703
253 10183.187969406903 154 0.34546709060668945
254 10383.187969406903 155 0.3458676338195801
255 10431.695700749442 155 0.3462796211242676
256 10478.552222158682 155 0.34668636322021484
257 10630.0040623261 155 0.34709739685058594
258 10807.587147275051 155 0.3475077152252197
259 10990.677179122518 155 0.3479423522949219
260 11046.492962984044 155 0.3484668731689453
261 11208.921295520739 155 0.3488798141479492
262 11408.921295520739 156 0.34929513931274414
263 11535.68031010398 156 0.3497183322906494
264 11602.787407882322 156 0.35013413429260254
265 11741.852726597108 156 0.3505532741546631
266 11883.641615953657 156 0.3509678840637207
267 11953.871394223392 156 0.3513908386230469
268 11978.446166828067 156 0.3518087863922119
269 12143.8107313268 156 0.3522379398345947
270 12280.53733878269 156 0.352691650390625
271 12367.873953401977 156 0.35311293601989746
272 12408.85431766204 156 0.35353779792785645
273 12514.75993602103 156 0.35396337509155273
274 12690.277354154923 156 0.3543820381164551
275 12722.921936076284 156 0.35480475425720215
276 12788.223614730143 156 0.3552265167236328
277 12834.386092960285 156 0.3556485176086426
278 12864.83680539245 156 0.3560810089111328
279 12929.455942021375 156 0.3565025329589844
280 13129.455942021375 157 0.3569209575653076
281 13198.580673779798 157 0.3573479652404785
282 13398.580673779798 158 0.3577711582183838
283 13465.644234832364 158 0.35820817947387695
284 13494.046090454345 158 0.35864710807800293
285 13684.658942063641 158 0.3590884208679199
286 13769.675853661973 158 0.3595259189605713
287 13825.21403293429 158 0.35996150970458984
288 13845.61011098866 158 0.3604238033294678
289 13876.807887318644 158 0.36086606979370117
290 14045.605089079147 158 0.36130237579345703
291 14127.922859611655 158 0.3617386817932129
292 14327.922859611655 159 0.3621711730957031
293 14527.922859611655 160 0.36261963844299316
294 14596.622886031815 160 0.36307215690612793
295 14796.622886031815 161 0.3635275363922119
296 14996.622886031815 162 0.3639955520629883
297 15126.517388635812 162 0.36448073387145996
298 15313.153388791729 162 0.36495137214660645
299 15513.153388791729 163 0.3654294013977051
300 15703.957980647954 163 0.3659176826477051
301 15803.703818930382 163 0.36640381813049316
302 15837.95767906943 163 0.3668861389160156
303 15872.53879803008 163 0.3673686981201172
304 16001.802540265504 163 0.367847204208374
305 16128.360495566543 163 0.3683650493621826
306 16214.22667368107 163 0.3688533306121826
307 16336.670193990924 163 0.3693413734436035
308 16535.845549796923 163 0.3698267936706543
309 16623.25239927045 163 0.370316743850708
310 16653.75239927045 163 0.3708016872406006
311 16723.966902636552 163 0.3712911605834961
312 16923.966902636552 164 0.3717806339263916
313 17123.966902636552 165 0.37228894233703613
314 17149.800703748835 165 0.3728017807006836
315 17349.800703748835 166 0.37331604957580566
316 17493.800879262464 166 0.3738412857055664
317 17528.62106279414 166 0.3743569850921631
318 17624.347068628605 166 0.37487316131591797
319 17824.347068628605 167 0.3753948211669922
320 17976.597434244504 167 0.37592172622680664
321 18110.742510667213 167 0.37646961212158203
322 18310.742510667213 168 0.3769955635070801
323 4757.602506307538 182 0.4247603416442871
324 4957.602506307538 183 0.4250357151031494
325 5157.602506307538 184 0.42530179023742676
326 5170.14832836465 184 0.4255685806274414
327 5370.14832836465 185 0.42583537101745605
328 5570.14832836465 186 0.42611193656921387
329 5598.362357738122 186 0.42639684677124023
330 5798.362357738122 187 0.4266853332519531
331 5843.92668930945 187 0.427215576171875
332 6043.92668930945 188 0.42751479148864746
333 6131.085788238092 188 0.4278254508972168
334 6151.168000129115 188 0.42813897132873535
335 6351.168000129115 189 0.42844390869140625
336 6547.685505789038 189 0.42876172065734863
337 6700.412785290768 189 0.429095983505249
338 6900.412785290768 190 0.4294421672821045
339 7100.412785290768 191 0.42977046966552734
340 7300.412785290768 192 0.43010735511779785
341 7500.412785290768 193 0.43052077293395996
342 7700.412785290768 194 0.4308812618255615
343 7730.445969264641 194 0.4312427043914795
344 7930.445969264641 195 0.43160247802734375
345 8130.445969264641 196 0.43212270736694336
346 8330.445969264641 197 0.432513952255249
347 8530.445969264641 198 0.4329061508178711
348 8616.118432272808 198 0.4333045482635498
349 8650.56060831573 198 0.4337441921234131
350 8850.56060831573 199 0.43414759635925293
351 8962.279471635953 199 0.4345583915710449
352 9162.279471635953 200 0.4349648952484131
353 9237.966484864057 200 0.435382604598999
354 9437.966484864057 201 0.43579697608947754
355 9534.852729353692 201 0.4362344741821289
356 9650.008720546806 201 0.4366631507873535
357 9693.884089435092 201 0.4370889663696289
358 9818.876580870232 201 0.4375147819519043
359 9933.685561765325 201 0.4379394054412842
360 10008.78463200809 201 0.4383809566497803
361 10168.023290623623 201 0.4388086795806885
362 10317.543771063196 201 0.43923497200012207
363 10376.34109204164 201 0.43975043296813965
364 10528.50094281921 201 0.4401845932006836
365 10638.527383133856 201 0.4406123161315918
366 10734.196356550361 201 0.4410393238067627
367 10828.38593090311 201 0.44147229194641113
368 10869.398501132608 201 0.44190216064453125
369 11069.398501132608 202 0.44233179092407227
370 11098.965652266434 202 0.44277310371398926
371 11209.863042529432 202 0.44321584701538086
372 11242.500740016736 202 0.44365882873535156
373 11286.523950981387 202 0.4441037178039551
374 11458.272514965836 202 0.4445462226867676
375 11658.272514965836 203 0.4449903964996338
376 11858.272514965836 204 0.44544196128845215
377 12058.272514965836 205 0.4459075927734375
378 12258.272514965836 206 0.4463975429534912
379 12435.244472044598 206 0.44687724113464355
380 12635.244472044598 207 0.4473559856414795
381 12667.765183325224 207 0.4478466510772705
382 12867.765183325224 208 0.4483485221862793
383 12894.251295978367 208 0.44884657859802246
384 13050.751295978367 208 0.44934725761413574
385 13087.658027076213 208 0.4498462677001953
386 13130.808701065733 208 0.4503486156463623
387 13159.740631936833 208 0.4508523941040039
388 13205.2461679418 208 0.45134925842285156
389 13314.508495416463 208 0.45185303688049316
390 13394.866229367946 208 0.4523594379425049
391 13440.33805903312 208 0.45286083221435547
392 13559.18998365201 208 0.45336294174194336
393 13699.487131014903 208 0.4538540840148926
394 13899.487131014903 209 0.4543731212615967
395 13952.551134749212 209 0.45488667488098145
396 14045.812922034987 209 0.4553964138031006
397 14245.812922034987 210 0.45591211318969727
398 14445.812922034987 211 0.45644116401672363
399 14549.369712550892 211 0.45697760581970215
400 14749.369712550892 212 0.45750856399536133
401 14949.369712550892 213 0.458050012588501
402 15149.369712550892 214 0.4586043357849121
403 15349.369712550892 215 0.45916748046875
404 15549.369712550892 216 0.45973658561706543
405 15670.250044141661 216 0.46031975746154785
406 15870.250044141661 217 0.460895299911499
407 16058.931577716394 217 0.46147942543029785
408 16258.931577716394 218 0.46206235885620117
409 16356.830134558968 218 0.46267056465148926
410 16556.830134558968 219 0.46326541900634766
411 16645.54641813624 219 0.46387338638305664
412 16789.466625026107 219 0.46448755264282227
413 16981.18891037867 219 0.46509647369384766
414 17107.91391092162 219 0.4656987190246582
415 17307.91391092162 220 0.46630406379699707
416 17507.91391092162 221 0.4669210910797119
417 17568.052612833842 221 0.46753716468811035
418 17688.487919708885 221 0.46816563606262207
419 5406.739248975953 234 0.5208547115325928
420 5472.661000984076 234 0.5211679935455322
421 5587.085007330476 234 0.5214459896087646
422 5670.994789521614 234 0.5217201709747314
423 5870.994789521614 235 0.5219955444335938
424 6070.994789521614 236 0.5222809314727783
425 6270.994789521614 237 0.5225780010223389
426 6347.838787335366 237 0.5228848457336426
427 6469.661545103914 237 0.5231895446777344
428 6669.661545103914 238 0.5234920978546143
429 6869.661545103914 239 0.5238037109375
430 7069.661545103914 240 0.5241854190826416
431 7073.661545103914 240 0.5245652198791504
432 7273.661545103914 241 0.5248992443084717
433 7473.661545103914 242 0.525240421295166
434 7673.661545103914 243 0.5255918502807617
435 7819.349441177548 243 0.5259499549865723
436 7960.9796828878825 243 0.5263071060180664
437 8160.9796828878825 244 0.5266661643981934
438 8194.221255099988 244 0.5270340442657471
439 8394.221255099988 245 0.5274038314819336
440 8442.809631394171 245 0.5277814865112305
441 8618.363415241438 245 0.5281662940979004
442 8716.517665364438 245 0.5285482406616211
443 8775.270388717778 245 0.5289275646209717
444 8857.371324388196 245 0.529353141784668
445 8948.031670443184 245 0.5297372341156006
446 9032.943332428253 245 0.5301151275634766
447 9232.943332428253 246 0.5304961204528809
448 9432.943332428253 247 0.530890703201294
449 9497.453331428453 247 0.5312895774841309
450 9566.47469326471 247 0.5316882133483887
451 9766.47469326471 248 0.5320949554443359
452 9966.47469326471 249 0.5325334072113037
453 10161.973141783817 249 0.5329484939575195
454 10202.0289735254 249 0.5333614349365234
455 10402.0289735254 250 0.5337769985198975
456 10446.410406107856 250 0.534205436706543
457 10535.380346445765 250 0.5346300601959229
458 10620.161894566092 250 0.5350565910339355
459 10820.161894566092 251 0.5354797840118408
460 11020.161894566092 252 0.5359160900115967
461 11120.157926009108 252 0.5363683700561523
462 11320.157926009108 253 0.5368139743804932
463 11520.157926009108 254 0.5372700691223145
464 11556.06057215114 254 0.537729024887085
465 11756.06057215114 255 0.53818678855896
466 11956.06057215114 256 0.5386605262756348
467 12156.06057215114 257 0.5391438007354736
468 12356.06057215114 258 0.5396401882171631
469 12533.556381240904 258 0.5401492118835449
470 12584.05760847174 258 0.540663480758667
471 12784.05760847174 259 0.5411696434020996
472 12859.806523431866 259 0.5416872501373291
473 13036.43160618925 259 0.5421984195709229
474 13070.625495337881 259 0.5427148342132568
475 13249.872260907252 259 0.543226957321167
476 13433.108409152921 259 0.543734073638916
477 13523.69838105271 259 0.5442519187927246
478 13674.69838105271 259 0.5447616577148438
479 13806.79340907935 259 0.545276403427124
480 14006.79340907935 260 0.5457890033721924
481 14109.000728808343 260 0.5463042259216309
482 14231.801856064374 260 0.5468242168426514
483 14296.456509067106 260 0.5473453998565674
484 14490.145823415745 260 0.547870397567749
485 14690.145823415745 261 0.5484323501586914
486 14890.145823415745 262 0.548973798751831
487 14920.109028313915 262 0.5495195388793945
488 15022.148920122478 262 0.5500648021697998
489 15155.680349434999 262 0.5507633686065674
490 15355.680349434999 263 0.5513100624084473
491 15449.197273980622 263 0.5518636703491211
492 15599.86790424304 263 0.5524253845214844
493 15696.053776198307 263 0.5529930591583252
494 15896.053776198307 264 0.5535845756530762
495 15933.849281143992 264 0.5541508197784424
496 15998.82744559371 264 0.5547115802764893
497 16072.224071967643 264 0.5552759170532227
498 16084.224071967643 264 0.5558326244354248
499 16127.508752359017 264 0.556448221206665
500 16327.508752359017 265 0.557013750076294
501 16442.668904969654 265 0.5575804710388184
502 16540.129601940287 265 0.5581519603729248
503 16684.0409000545 265 0.5587241649627686
504 16884.0409000545 266 0.5592963695526123
505 16978.687559600363 266 0.55987548828125
506 17059.805825684343 266 0.5604667663574219
507 17148.560981513117 266 0.5610446929931641
508 17348.560981513117 267 0.5616209506988525
509 17425.382301095033 267 0.5622167587280273
510 17625.382301095033 268 0.5628094673156738
511 17722.45648203606 268 0.5634074211120605
512 17759.869236911658 268 0.564007043838501
513 17828.256552659986 268 0.5646226406097412
514 18028.256552659986 269 0.5652186870574951
515 18228.256552659986 270 0.5658273696899414
516 18428.256552659986 271 0.6099593639373779
517 18628.256552659986 272 0.6110336780548096
518 18828.256552659986 273 0.6120071411132812
519 18923.756552659986 273 0.6129932403564453
520 19123.756552659986 274 0.6139652729034424
521 19163.66758098004 274 0.6149375438690186
522 19363.66758098004 275 0.6159420013427734
523 19388.97087635198 275 0.6169562339782715
524 19588.97087635198 276 0.6183218955993652
525 19788.97087635198 277 0.6204192638397217
526 19889.170605180705 277 0.6218912601470947
527 20043.555380035763 277 0.6230247020721436
528 5307.339921902793 290 0.70005202293396
529 5507.339921902793 291 0.7003872394561768
530 5598.362881996832 291 0.7006878852844238
531 5798.362881996832 292 0.7010252475738525
532 5821.7452621711 292 0.7013323307037354
533 6021.7452621711 293 0.7016372680664062
534 6176.082500734504 293 0.701960563659668
535 6230.112094474117 293 0.7022674083709717
536 6294.4173027429015 293 0.7025699615478516
537 6319.167155618867 293 0.702871561050415
538 6428.603686589797 293 0.703174352645874
539 6628.603686589797 294 0.7034792900085449
540 6784.407202581509 294 0.7037947177886963
541 6866.032082619787 294 0.7041242122650146
542 6888.881171655015 294 0.7044391632080078
543 6908.800000436179 294 0.7047550678253174
544 7108.800000436179 295 0.7052197456359863
545 7155.012773993857 295 0.705549955368042
546 7245.419391435624 295 0.7058773040771484
547 7375.822734540228 295 0.7062008380889893
548 7575.822734540228 296 0.706526517868042
549 7683.695731363325 296 0.7068579196929932
550 7843.887345767046 296 0.7071876525878906
551 8043.887345767046 297 0.7075183391571045
552 8243.887345767045 298 0.7078638076782227
553 8345.470918102217 298 0.7082309722900391
554 8522.018500565428 298 0.7085871696472168
555 8626.04420500536 298 0.7089378833770752
556 8740.164376210247 298 0.7092926502227783
557 8801.776063413245 298 0.7096452713012695
558 8825.939563349648 298 0.7099969387054443
559 9025.939563349648 299 0.7103519439697266
560 9054.612180879576 299 0.7107176780700684
561 9114.805333418211 299 0.7110812664031982
562 9166.105057854926 299 0.7114477157592773
563 9366.105057854926 300 0.7118127346038818
564 9566.105057854926 301 0.7122056484222412
565 9665.999600860747 301 0.7125861644744873
566 9704.684980401009 301 0.7129685878753662
567 9776.576297950707 301 0.7133500576019287
568 9834.636551126154 301 0.713737964630127
569 10030.275869951209 301 0.7141194343566895
570 10048.83608972977 301 0.714500904083252
571 10248.83608972977 302 0.714885950088501
572 10448.83608972977 303 0.7152841091156006
573 10648.83608972977 304 0.7156953811645508
574 10843.22223888222 304 0.7161133289337158
575 10962.20027187772 304 0.7165253162384033
576 11013.016217911934 304 0.716935396194458
577 11081.959033484212 304 0.7173526287078857
578 11225.128525466867 304 0.7177672386169434
579 11324.16117558151 304 0.7181727886199951
580 11452.498557623077 304 0.7185826301574707
581 11652.498557623077 305 0.7189981937408447
582 11698.858773974247 305 0.7194204330444336
583 11759.698395255657 305 0.7198445796966553
584 11791.28676487363 305 0.7202737331390381
585 11991.28676487363 306 0.7206988334655762
586 12191.28676487363 307 0.7211298942565918
587 12243.679512463348 307 0.7215702533721924
588 12297.66090069555 307 0.7220494747161865
589 12344.914048678584 307 0.7224998474121094
590 12457.987412143286 307 0.7229516506195068
591 12510.801848767513 307 0.7234530448913574
592 12667.60119402604 307 0.724017858505249
593 12867.60119402604 308 0.7245011329650879
594 13067.60119402604 309 0.724963903427124
595 13152.675820393706 309 0.7254247665405273
596 13187.683831430879 309 0.725881814956665
597 13329.951387668094 309 0.7263398170471191
598 13364.5048034365 309 0.7268013954162598
599 13459.133018594257 309 0.727264404296875
600 13585.966899918416 309 0.7277238368988037
601 13784.623203591353 309 0.7281794548034668
602 13890.004174903832 309 0.7286334037780762
603 14090.004174903832 310 0.7290818691253662
604 14151.066199329336 310 0.7295866012573242
605 14339.848959134644 310 0.7300822734832764
606 14539.848959134644 311 0.7305583953857422
607 14654.621463338442 311 0.7310383319854736
608 14737.115044250364 311 0.7315170764923096
609 14775.939954465719 311 0.7319958209991455
610 14954.127170868496 311 0.7324802875518799
611 15108.127170868496 311 0.7329607009887695
612 15246.354880717352 311 0.7334346771240234
613 15446.354880717352 312 0.7339088916778564
614 15522.074860756424 312 0.7344028949737549
615 15544.933109161608 312 0.7348849773406982
616 15606.7720777108 312 0.7353668212890625
617 15741.147188068711 312 0.7358522415161133
618 15885.678094897508 312 0.7363393306732178
619 16085.678094897508 313 0.736821174621582
620 16139.230809722032 313 0.7373173236846924
621 16267.863040772445 313 0.7378180027008057
622 16467.863040772445 314 0.7383584976196289
623 16577.899392395713 314 0.7388699054718018
624 16659.81946791682 314 0.7393755912780762
625 16786.013762558057 314 0.7398786544799805
626 16870.254534107047 314 0.7403907775878906
627 16904.969308936932 314 0.7408952713012695
628 17006.114410939255 314 0.7413983345031738
629 17036.95019498801 314 0.7419006824493408
630 17126.632138054265 314 0.7424087524414062
631 17214.394703932478 314 0.7429118156433105
632 17279.04211967375 314 0.7434213161468506
633 17367.471151444905 314 0.7439305782318115
