1 4154.584272015511 41 0.08089089393615723
2 3193.8446840256224 71 0.14609193801879883
3 1264.5235599144037 82 0.15906047821044922
4 2324.0092560861062 105 0.1817610263824463
5 1600 121 0.1965780258178711
6 726.7858200551264 127 0.20143747329711914
7 1100 138 0.20684075355529785
8 1400 152 0.21676278114318848
9 1081.1774099296188 162 0.2237076759338379
10 1070.452271507023 172 0.23259949684143066
11 1058.3251781631498 182 0.23944854736328125
12 900 191 0.24451279640197754
13 1631.1512566567542 207 0.25824761390686035
14 2323.4218011180146 229 0.2843203544616699
15 1508.429657385706 242 0.30238771438598633
16 2380.491229167544 263 0.33418798446655273
17 2340.250423076462 284 0.3636507987976074
18 1295.050669312211 296 0.3749370574951172
19 1379.4039644454297 309 0.3867654800415039
20 1118.3845963789117 319 0.39428067207336426
21 1400.6170884220637 332 0.40522003173828125
22 2394.583805245033 353 0.4358999729156494
23 1100 364 0.4451761245727539
24 4252.150476266037 402 0.5206985473632812
25 1457.338397220924 415 0.5391426086425781
26 900 424 0.5463523864746094
27 1127.5429094542765 434 0.5532526969909668
28 922.4094509872733 443 0.558377742767334
29 1185.081536574242 454 0.5657482147216797
30 758.1758301667447 461 0.5698039531707764
31 1000 471 0.5747787952423096
32 1328.9430078034272 483 0.5844471454620361
