1 3761.595510652277 18 0.015342473983764648
2 3961.595510652277 19 0.015342473983764648
3 4048.3093248201612 19 0.015342473983764648
4 4248.309324820161 20 0.015342473983764648
5 4448.309324820161 21 0.015342473983764648
6 4648.309324820161 22 0.015342473983764648
7 4848.309324820161 23 0.015342473983764648
8 5038.976770085721 23 0.015342473983764648
9 5238.976770085721 24 0.015342473983764648
10 5438.976770085721 25 0.015342473983764648
11 5638.976770085721 26 0.015342473983764648
12 5800.8478613555435 26 0.015342473983764648
13 5906.8826024676455 26 0.015342473983764648
14 6106.8826024676455 27 0.015342473983764648
15 6301.011745825168 27 0.015342473983764648
16 6501.011745825168 28 0.031258583068847656
17 6571.913846305657 28 0.031258583068847656
18 6771.913846305657 29 0.0322873592376709
19 6826.498118321168 29 0.0322873592376709
20 6882.087022294294 29 0.0322873592376709
21 7082.087022294294 30 0.0322873592376709
22 7282.087022294294 31 0.03326129913330078
23 7482.087022294294 32 0.03326129913330078
24 7682.087022294294 33 0.03326129913330078
25 7882.087022294294 34 0.034250497817993164
26 7943.5248194363285 34 0.034250497817993164
27 7966.891296448183 34 0.03527379035949707
28 8039.143956048423 34 0.03527379035949707
29 8087.455775046704 34 0.03527379035949707
30 8175.88710442226 34 0.03626894950866699
31 8335.160188762566 34 0.03626894950866699
32 8535.160188762566 35 0.03626894950866699
33 8735.160188762566 36 0.03726601600646973
34 8935.160188762566 37 0.03726601600646973
35 9135.160188762566 38 0.03726601600646973
36 9298.817995553925 38 0.03824138641357422
37 9498.817995553925 39 0.03824138641357422
38 9698.817995553925 40 0.0392611026763916
39 9898.817995553925 41 0.0392611026763916
40 9956.097328416241 41 0.0392611026763916
41 10051.329813374921 41 0.04025578498840332
42 10248.25679303229 41 0.04025578498840332
43 10448.25679303229 42 0.041231632232666016
44 10648.25679303229 43 0.041231632232666016
45 10848.25679303229 44 0.042252302169799805
46 11007.137193261633 44 0.042252302169799805
47 11102.369678220313 44 0.043250083923339844
48 11302.369678220313 45 0.043250083923339844
49 11413.32907328829 45 0.043250083923339844
50 11613.32907328829 46 0.04438471794128418
51 11813.32907328829 47 0.04438471794128418
52 11910.82907328829 47 0.04438471794128418
53 11981.585009603723 47 0.04438471794128418
54 12157.652110922527 47 0.04438471794128418
55 12357.652110922527 48 0.04438471794128418
56 12406.15992151611 48 0.04438471794128418
57 12544.39161108113 48 0.04438471794128418
58 12682.62330064615 48 0.04438471794128418
59 12882.62330064615 49 0.04438471794128418
60 12954.59527665219 49 0.04438471794128418
61 12993.28890726087 49 0.04438471794128418
62 13105.538584262915 49 0.04438471794128418
63 13305.538584262915 50 0.04438471794128418
64 13505.538584262915 51 0.04438471794128418
65 13546.237908737745 51 0.04438471794128418
66 13683.728558036799 51 0.04438471794128418
67 13815.010121975927 51 0.04438471794128418
68 13949.759986134219 51 0.04438471794128418
69 14080.469731802483 51 0.04438471794128418
70 14200.27619442674 51 0.04438471794128418
71 14366.77916683771 51 0.04438471794128418
72 14510.253293821948 51 0.04438471794128418
73 14571.800511595544 51 0.04438471794128418
74 14601.919814693676 51 0.04438471794128418
75 14801.919814693676 52 0.04438471794128418
76 15001.919814693676 53 0.06004142761230469
77 3083.033220899048 62 0.07567572593688965
78 3283.033220899048 63 0.07567572593688965
79 3480.743958225078 63 0.07567572593688965
80 3680.743958225078 64 0.07567572593688965
81 3880.743958225078 65 0.07567572593688965
82 4080.743958225078 66 0.07567572593688965
83 4280.743958225078 67 0.07567572593688965
84 4480.743958225078 68 0.07567572593688965
85 4680.743958225078 69 0.07567572593688965
86 4880.743958225078 70 0.07567572593688965
87 5080.743958225078 71 0.07567572593688965
88 5280.743958225078 72 0.07567572593688965
89 5480.743958225078 73 0.07567572593688965
90 5504.753214311185 73 0.07567572593688965
91 5574.158399037011 73 0.07567572593688965
92 5774.158399037011 74 0.07567572593688965
93 5974.158399037011 75 0.07567572593688965
94 6012.86042959526 75 0.07567572593688965
95 6160.866090974132 75 0.07567572593688965
96 6213.383035260423 75 0.07567572593688965
97 6413.383035260423 76 0.07567572593688965
98 6613.383035260423 77 0.07567572593688965
99 6625.383035260423 77 0.07567572593688965
100 6825.383035260423 78 0.07567572593688965
101 7025.383035260423 79 0.07567572593688965
102 7225.383035260423 80 0.07567572593688965
103 7425.383035260423 81 0.07567572593688965
104 7596.556101330256 81 0.09128856658935547
105 7796.556101330256 82 0.09128856658935547
106 7996.556101330256 83 0.09128856658935547
107 8196.556101330256 84 0.09128856658935547
108 8396.556101330256 85 0.09128856658935547
109 8520.725170085623 85 0.09128856658935547
110 8580.415991979138 85 0.09128856658935547
111 8780.415991979138 86 0.09128856658935547
112 8980.415991979138 87 0.09128856658935547
113 9085.172683534764 87 0.09128856658935547
114 9285.172683534764 88 0.09128856658935547
115 9305.811861514016 88 0.09128856658935547
116 9344.315933462101 88 0.09128856658935547
117 9369.614154743449 88 0.09128856658935547
118 9569.614154743449 89 0.09128856658935547
119 9644.563435283304 89 0.09128856658935547
120 9844.563435283304 90 0.09128856658935547
121 9904.221363913668 90 0.09128856658935547
122 9925.342320043655 90 0.09128856658935547
123 10125.342320043655 91 0.09128856658935547
124 10146.253445350385 91 0.09128856658935547
125 10346.253445350385 92 0.09128856658935547
126 10546.253445350385 93 0.09128856658935547
127 10746.253445350385 94 0.09128856658935547
128 10946.253445350385 95 0.09128856658935547
129 10966.508228536035 95 0.09128856658935547
130 11054.287814893074 95 0.09128856658935547
131 11077.940008620333 95 0.09128856658935547
132 11277.940008620333 96 0.09128856658935547
133 11477.940008620333 97 0.10687065124511719
134 11584.090051776246 97 0.10687065124511719
135 11784.090051776246 98 0.10687065124511719
136 11847.312932517409 98 0.10687065124511719
137 12047.312932517409 99 0.10687065124511719
138 12247.312932517409 100 0.10687065124511719
139 3569.689996957197 106 0.12254095077514648
140 3769.689996957197 107 0.12254095077514648
141 3969.689996957197 108 0.12254095077514648
142 4015.458015887522 108 0.13814616203308105
143 4215.4580158875215 109 0.13814616203308105
144 4415.4580158875215 110 0.13814616203308105
145 4615.4580158875215 111 0.13814616203308105
146 4815.4580158875215 112 0.13814616203308105
147 5015.4580158875215 113 0.13814616203308105
148 5064.828819857731 113 0.13814616203308105
149 5160.50516089497 113 0.13814616203308105
150 5360.50516089497 114 0.13814616203308105
151 5418.947651615462 114 0.13814616203308105
152 5618.947651615462 115 0.13814616203308105
153 5758.77210829567 115 0.13814616203308105
154 5958.77210829567 116 0.13814616203308105
155 6014.575232799378 116 0.13814616203308105
156 6121.221959880978 116 0.13814616203308105
157 6171.162276619565 116 0.13814616203308105
158 6371.162276619565 117 0.13814616203308105
159 6408.194869919229 117 0.13814616203308105
160 6440.463457855459 117 0.13814616203308105
161 6509.75992241174 117 0.13814616203308105
162 6569.070692443527 117 0.13814616203308105
163 6765.034454183172 117 0.13814616203308105
164 6823.279754602931 117 0.13814616203308105
165 7023.279754602931 118 0.13814616203308105
166 7050.561147333822 118 0.13814616203308105
167 7091.349152428309 118 0.13814616203308105
168 7198.420110493532 118 0.13814616203308105
169 7245.843058205794 118 0.13814616203308105
170 7359.245684048114 118 0.13814616203308105
171 7559.245684048114 119 0.13814616203308105
172 7686.745684048114 119 0.13814616203308105
173 7785.586912677682 119 0.13814616203308105
174 7833.248912871297 119 0.13814616203308105
175 8033.248912871297 120 0.13814616203308105
176 8233.248912871297 121 0.13814616203308105
177 8433.248912871297 122 0.13814616203308105
178 8633.248912871297 123 0.13814616203308105
179 8784.242414096458 123 0.13814616203308105
180 8854.708889495867 123 0.13814616203308105
181 8982.027389218178 123 0.13814616203308105
182 9182.027389218178 124 0.13814616203308105
183 9382.027389218178 125 0.13814616203308105
184 9582.027389218178 126 0.13814616203308105
185 9782.027389218178 127 0.13814616203308105
186 9982.027389218178 128 0.13814616203308105
187 10046.75681640483 128 0.13814616203308105
188 10099.931449937316 128 0.13814616203308105
189 10299.931449937316 129 0.15373468399047852
190 10418.616909697777 129 0.15373468399047852
191 10512.192491718506 129 0.15373468399047852
192 10712.192491718506 130 0.15373468399047852
193 10912.192491718506 131 0.15373468399047852
194 11070.051291992393 131 0.15373468399047852
195 11270.051291992393 132 0.15373468399047852
196 11340.882724528008 132 0.15373468399047852
197 11540.882724528008 133 0.15373468399047852
198 11622.307047509992 133 0.15373468399047852
199 11680.603638450531 133 0.15373468399047852
200 11880.603638450531 134 0.15373468399047852
201 11912.52186934468 134 0.15373468399047852
202 11959.771075447705 134 0.15373468399047852
203 12159.771075447705 135 0.15373468399047852
204 12186.840320866884 135 0.15373468399047852
205 12312.312217393555 135 0.15373468399047852
206 12346.410367927558 135 0.15373468399047852
207 12440.828121600978 135 0.15373468399047852
208 12569.191049768642 135 0.15373468399047852
209 12672.472618475533 135 0.15373468399047852
210 12769.634281799003 135 0.15373468399047852
211 3506.0646664269575 145 0.1850273609161377
212 3706.0646664269575 146 0.1850273609161377
213 3906.0646664269575 147 0.1850273609161377
214 4106.064666426957 148 0.1850273609161377
215 4200.791887074033 148 0.1850273609161377
216 4269.44230003805 148 0.1850273609161377
217 4469.44230003805 149 0.1850273609161377
218 4669.44230003805 150 0.1850273609161377
219 4869.44230003805 151 0.1850273609161377
220 5069.44230003805 152 0.1850273609161377
221 5269.44230003805 153 0.1850273609161377
222 5469.44230003805 154 0.1850273609161377
223 5597.257523573764 154 0.1850273609161377
224 5797.257523573764 155 0.1850273609161377
225 5955.841745083231 155 0.1850273609161377
226 6155.841745083231 156 0.1850273609161377
227 6355.841745083231 157 0.1850273609161377
228 6555.841745083231 158 0.1850273609161377
229 6727.064755689475 158 0.1850273609161377
230 6880.241192545698 158 0.1850273609161377
231 6935.012580699696 158 0.1850273609161377
232 7135.012580699696 159 0.1850273609161377
233 7335.012580699696 160 0.1850273609161377
234 7467.6290046859895 160 0.1850273609161377
235 7667.6290046859895 161 0.1850273609161377
236 7819.526412416081 161 0.1850273609161377
237 7886.6219020294975 161 0.1850273609161377
238 7959.883505189765 161 0.1850273609161377
239 8029.252653774372 161 0.1850273609161377
240 8195.47438793368 161 0.1850273609161377
241 8243.648218064569 161 0.1850273609161377
242 8330.56529972993 161 0.1850273609161377
243 8398.682039076053 161 0.1850273609161377
244 8598.682039076053 162 0.20064473152160645
245 8637.384069634301 162 0.20064473152160645
246 8690.373290638487 162 0.20064473152160645
247 8744.132987181407 162 0.20064473152160645
248 8944.132987181407 163 0.20064473152160645
249 9015.370239018492 163 0.20064473152160645
250 9031.848310786205 163 0.20064473152160645
251 9091.722248526394 163 0.20064473152160645
252 9159.138878668724 163 0.20064473152160645
253 9359.138878668724 164 0.20064473152160645
254 9559.138878668724 165 0.20064473152160645
255 9759.138878668724 166 0.20064473152160645
256 9834.196176932852 166 0.20064473152160645
257 10034.196176932852 167 0.20064473152160645
258 10234.196176932852 168 0.20064473152160645
259 10399.57812006149 168 0.20064473152160645
260 10572.807887651552 168 0.20064473152160645
261 10642.318998210249 168 0.20064473152160645
262 10800.724854130616 168 0.20064473152160645
263 10845.436933055698 168 0.20064473152160645
264 11045.436933055698 169 0.20064473152160645
265 11093.944664398237 169 0.20064473152160645
266 11140.801185807477 169 0.20064473152160645
267 11292.253025974895 169 0.20064473152160645
268 11469.836110923847 169 0.20064473152160645
269 11652.926142771314 169 0.20064473152160645
270 11708.74192663284 169 0.20064473152160645
271 11871.170259169534 169 0.20064473152160645
272 12071.170259169534 170 0.20064473152160645
273 12197.929273752776 170 0.20064473152160645
274 12265.036371531118 170 0.20064473152160645
275 12404.101690245903 170 0.20064473152160645
276 12545.890579602452 170 0.20064473152160645
277 12616.120357872187 170 0.20064473152160645
278 12640.695130476863 170 0.20064473152160645
279 12806.059694975595 170 0.20064473152160645
280 12942.786302431485 170 0.20064473152160645
281 13030.122917050772 170 0.20064473152160645
282 2488.916083371653 179 0.2318408489227295
283 2688.916083371653 180 0.2318408489227295
284 2738.5674616431484 180 0.2318408489227295
285 2750.2756655756475 180 0.2318408489227295
286 2821.245376708477 180 0.2318408489227295
287 2843.5064290804776 180 0.2318408489227295
288 2885.6426903235915 180 0.2318408489227295
289 3085.6426903235915 181 0.2318408489227295
290 3285.6426903235915 182 0.2318408489227295
291 3485.6426903235915 183 0.2318408489227295
292 3685.6426903235915 184 0.2318408489227295
293 3738.7800685207817 184 0.2318408489227295
294 3784.8230843774963 184 0.2318408489227295
295 3868.87557404068 184 0.2318408489227295
296 4000.6964589504473 184 0.2318408489227295
297 4027.686288322716 184 0.2318408489227295
298 4227.686288322716 185 0.2318408489227295
299 4259.322598524386 185 0.2318408489227295
300 4298.05669299126 185 0.2318408489227295
301 4498.05669299126 186 0.2318408489227295
302 4698.05669299126 187 0.2318408489227295
303 4898.05669299126 188 0.2318408489227295
304 5072.236504254348 188 0.2318408489227295
305 5272.236504254348 189 0.2318408489227295
306 5472.236504254348 190 0.2318408489227295
307 5507.4650684588705 190 0.2318408489227295
308 5707.4650684588705 191 0.2318408489227295
309 5907.4650684588705 192 0.2318408489227295
310 6098.269660315095 192 0.2318408489227295
311 6232.604659128716 192 0.2318408489227295
312 6270.355788959673 192 0.2318408489227295
313 6327.493217201005 192 0.2318408489227295
314 6349.642493952968 192 0.2318408489227295
315 6476.200449254006 192 0.2318408489227295
316 6562.066627368533 192 0.2318408489227295
317 6690.415220379454 192 0.2318408489227295
318 6824.009332626248 192 0.2318408489227295
319 6983.009332626248 192 0.2318408489227295
320 7034.5807821099515 192 0.2318408489227295
321 7097.518128605498 192 0.2318408489227295
322 7297.518128605498 193 0.2318408489227295
323 7497.518128605498 194 0.2318408489227295
324 7557.567127995306 194 0.2318408489227295
325 7757.567127995306 195 0.2318408489227295
326 7791.168586338672 195 0.2318408489227295
327 7991.168586338672 196 0.2318408489227295
328 8191.168586338672 197 0.2318408489227295
329 8391.168586338672 198 0.2318408489227295
330 8418.599408675174 198 0.2318408489227295
331 8552.744485097883 198 0.2318408489227295
332 3316.36333584984 208 0.24746179580688477
333 3380.836362398147 208 0.24746179580688477
334 3580.836362398147 209 0.24746179580688477
335 3780.836362398147 210 0.24746179580688477
336 3793.3821844552594 210 0.26308512687683105
337 3993.3821844552594 211 0.26308512687683105
338 4193.382184455259 212 0.26308512687683105
339 4221.596213828731 212 0.26308512687683105
340 4421.596213828731 213 0.26308512687683105
341 4467.160545400059 213 0.26308512687683105
342 4667.160545400059 214 0.26308512687683105
343 4754.3196443287015 214 0.26308512687683105
344 4774.401856219724 214 0.26308512687683105
345 4974.401856219724 215 0.26308512687683105
346 5170.919361879647 215 0.26308512687683105
347 5323.548875605183 215 0.26308512687683105
348 5523.548875605183 216 0.26308512687683105
349 5723.548875605183 217 0.26308512687683105
350 5904.984007033581 217 0.26308512687683105
351 6104.984007033581 218 0.26308512687683105
352 6304.984007033581 219 0.26308512687683105
353 6335.017191007454 219 0.26308512687683105
354 6535.017191007454 220 0.26308512687683105
355 6735.017191007454 221 0.26308512687683105
356 6935.017191007454 222 0.26308512687683105
357 7135.017191007454 223 0.26308512687683105
358 7220.68965401562 223 0.26308512687683105
359 7255.131830058543 223 0.26308512687683105
360 7455.131830058543 224 0.2787044048309326
361 7566.850693378765 224 0.2787044048309326
362 7766.850693378765 225 0.2787044048309326
363 7842.537706606869 225 0.2787044048309326
364 8042.537706606869 226 0.2787044048309326
365 8139.423951096503 226 0.2787044048309326
366 8339.423951096502 227 0.2787044048309326
367 8383.299319984788 227 0.2787044048309326
368 8399.299319984788 227 0.2787044048309326
369 8443.105056552718 227 0.2787044048309326
370 8501.990080504685 227 0.2787044048309326
371 8661.228739120219 227 0.2787044048309326
372 8701.451729388966 227 0.2787044048309326
373 8760.24905036741 227 0.2787044048309326
374 8803.310466357241 227 0.2787044048309326
375 8819.810466357241 227 0.2787044048309326
376 8892.810466357241 227 0.2787044048309326
377 8987.00004070999 227 0.2787044048309326
378 9072.937915076727 227 0.2787044048309326
379 9272.937915076727 228 0.2787044048309326
380 9396.227398060915 228 0.2787044048309326
381 9438.430848993072 228 0.2787044048309326
382 9471.068546480376 228 0.2787044048309326
383 9515.091757445027 228 0.2787044048309326
384 9686.840321429476 228 0.2787044048309326
385 9886.840321429476 229 0.2787044048309326
386 10086.840321429476 230 0.2787044048309326
387 10286.840321429476 231 0.2787044048309326
388 10486.840321429476 232 0.2787044048309326
389 10663.812278508238 232 0.2787044048309326
390 10863.812278508238 233 0.2787044048309326
391 10896.332989788863 233 0.2787044048309326
392 11096.332989788863 234 0.2787044048309326
393 11122.819102442007 234 0.2787044048309326
394 11279.319102442007 234 0.2787044048309326
395 11316.225833539853 234 0.2787044048309326
396 11359.376507529372 234 0.2787044048309326
397 11388.308438400472 234 0.2787044048309326
398 11433.813974405439 234 0.2943596839904785
399 3227.510465436503 244 0.309983491897583
400 3363.687739654642 244 0.309983491897583
401 3559.9853754963806 244 0.309983491897583
402 3759.9853754963806 245 0.309983491897583
403 3953.316697958757 245 0.309983491897583
404 4153.316697958757 246 0.309983491897583
405 4353.316697958757 247 0.309983491897583
406 4553.316697958757 248 0.309983491897583
407 4753.316697958757 249 0.309983491897583
408 4953.316697958757 250 0.309983491897583
409 5053.028905073352 250 0.309983491897583
410 5253.028905073352 251 0.309983491897583
411 5453.028905073352 252 0.309983491897583
412 5653.028905073352 253 0.309983491897583
413 5853.028905073352 254 0.309983491897583
414 6053.028905073352 255 0.309983491897583
415 6173.909236664121 255 0.309983491897583
416 6373.909236664121 256 0.309983491897583
417 6562.590770238852 256 0.309983491897583
418 6762.590770238852 257 0.309983491897583
419 6962.590770238852 258 0.309983491897583
420 7162.590770238852 259 0.309983491897583
421 7251.307053816125 259 0.309983491897583
422 7395.22726070599 259 0.309983491897583
423 7586.949546058555 259 0.309983491897583
424 7713.6745466015045 259 0.309983491897583
425 7913.6745466015045 260 0.32556748390197754
426 8113.6745466015045 261 0.32556748390197754
427 8173.813248513729 261 0.32556748390197754
428 8294.248555388773 261 0.32556748390197754
429 8494.248555388773 262 0.32556748390197754
430 8650.375868573408 262 0.32556748390197754
431 8850.375868573408 263 0.32556748390197754
432 8901.535274402422 263 0.32556748390197754
433 9101.535274402422 264 0.32556748390197754
434 9301.535274402422 265 0.32556748390197754
435 9501.535274402422 266 0.32556748390197754
436 9578.028234121892 266 0.3411884307861328
437 9700.62594650205 266 0.3411884307861328
438 9824.44230896006 266 0.3411884307861328
439 10024.44230896006 267 0.3411884307861328
440 10224.44230896006 268 0.3411884307861328
441 10228.44230896006 268 0.3411884307861328
442 10428.44230896006 269 0.3411884307861328
443 10628.44230896006 270 0.3411884307861328
444 10828.44230896006 271 0.3411884307861328
445 10841.57224522103 271 0.3411884307861328
446 10900.610048021794 271 0.3411884307861328
447 11100.610048021794 272 0.3411884307861328
448 11133.8516202339 272 0.3411884307861328
449 11333.8516202339 273 0.3411884307861328
450 11382.439996528083 273 0.3411884307861328
451 11557.99378037535 273 0.3411884307861328
452 11656.148030498349 273 0.3411884307861328
453 11714.900753851689 273 0.3411884307861328
454 11834.510601657668 273 0.3411884307861328
455 11925.170947712657 273 0.3411884307861328
456 12010.082609697725 273 0.3411884307861328
457 12210.082609697725 274 0.3411884307861328
458 12410.082609697725 275 0.3411884307861328
459 12474.592608697925 275 0.3411884307861328
460 12543.613970534183 275 0.3411884307861328
461 12743.613970534183 276 0.3411884307861328
462 12943.613970534183 277 0.3411884307861328
463 13139.11241905329 277 0.3411884307861328
464 3020.61129724749 285 0.3724639415740967
465 3220.61129724749 286 0.3724639415740967
466 3276.3248503562263 286 0.3724639415740967
467 3364.236103676017 286 0.3724639415740967
468 3456.027470401202 286 0.3724639415740967
469 3656.027470401202 287 0.3724639415740967
470 3856.027470401202 288 0.3724639415740967
471 3956.023501844218 288 0.3724639415740967
472 4156.023501844218 289 0.3724639415740967
473 4356.023501844218 290 0.3724639415740967
474 4391.926147986251 290 0.3724639415740967
475 4591.926147986251 291 0.3724639415740967
476 4791.926147986251 292 0.3724639415740967
477 4991.926147986251 293 0.3724639415740967
478 5191.926147986251 294 0.3724639415740967
479 5269.4121935202475 294 0.3724639415740967
480 5324.80976181944 294 0.3724639415740967
481 5449.67728505201 294 0.3724639415740967
482 5533.201081905609 294 0.3724639415740967
483 5733.201081905609 295 0.3724639415740967
484 5825.615455438688 295 0.3724639415740967
485 5894.454749236407 295 0.3724639415740967
486 5980.061353611402 295 0.3724639415740967
487 6026.986182956125 295 0.3724639415740967
488 6177.986182956125 295 0.3724639415740967
489 6308.371076119709 295 0.3724639415740967
490 6508.371076119709 296 0.3724639415740967
491 6610.578395848703 296 0.3724639415740967
492 6675.757106366511 296 0.3724639415740967
493 6740.411759369243 296 0.3724639415740967
494 6818.87059868314 296 0.3724639415740967
495 7018.87059868314 297 0.3724639415740967
496 7218.87059868314 298 0.3724639415740967
497 7316.506740852978 298 0.3724639415740967
498 7418.54663266154 298 0.3724639415740967
499 7562.678460115457 298 0.3724639415740967
500 7762.678460115457 299 0.3724639415740967
501 7856.19538466108 299 0.3724639415740967
502 8006.866014923497 299 0.3724639415740967
503 8066.866014923497 299 0.3724639415740967
504 8266.866014923497 300 0.3724639415740967
505 8304.661519869182 300 0.3724639415740967
506 8379.347529268533 300 0.3724639415740967
507 8453.353180385415 300 0.3724639415740967
508 8516.634654057689 300 0.38805341720581055
509 8716.634654057689 301 0.38805341720581055
510 8916.634654057689 302 0.38805341720581055
511 9116.634654057689 303 0.38805341720581055
512 9214.095351028323 303 0.38805341720581055
513 9414.095351028323 304 0.38805341720581055
514 9614.095351028323 305 0.38805341720581055
515 9708.742010574188 305 0.38805341720581055
516 9908.742010574188 306 0.38805341720581055
517 9997.49716640296 306 0.38805341720581055
518 10197.49716640296 307 0.38805341720581055
519 10274.318485984875 307 0.38805341720581055
520 10474.318485984875 308 0.38805341720581055
521 10531.23839935889 308 0.38805341720581055
522 10568.651154234487 308 0.38805341720581055
523 10637.038469982816 308 0.38805341720581055
524 10837.038469982816 309 0.38805341720581055
525 3489.3897702735712 318 0.4036741256713867
526 3689.3897702735712 319 0.4036741256713867
527 3889.3897702735712 320 0.4036741256713867
528 4089.3897702735712 321 0.4036741256713867
529 4289.389770273571 322 0.4036741256713867
530 4489.389770273571 323 0.4036741256713867
531 4689.389770273571 324 0.4036741256713867
532 4889.389770273571 325 0.4036741256713867
533 4942.0256551005605 325 0.4036741256713867
534 5142.0256551005605 326 0.4036741256713867
535 5342.0256551005605 327 0.4036741256713867
536 5442.225383929285 327 0.4036741256713867
537 5642.225383929285 328 0.4036741256713867
538 5842.225383929285 329 0.4036741256713867
539 6042.225383929285 330 0.4193410873413086
540 6133.248344023324 330 0.4193410873413086
541 6154.521505717066 330 0.4193410873413086
542 6177.9038858913345 330 0.4193410873413086
543 6377.9038858913345 331 0.4193410873413086
544 6532.241124454738 331 0.4193410873413086
545 6586.2707181943515 331 0.4193410873413086
546 6630.890595831088 331 0.4193410873413086
547 6655.640448707053 331 0.4193410873413086
548 6707.396781293375 331 0.4193410873413086
549 6907.396781293375 332 0.4193410873413086
550 6973.269786562828 332 0.4193410873413086
551 7068.488649034764 332 0.4193410873413086
552 7084.767469630864 332 0.4193410873413086
553 7104.686298412028 332 0.4193410873413086
554 7264.817526510758 332 0.4193410873413086
555 7331.519086195631 332 0.4193410873413086
556 7474.098157077801 332 0.4193410873413086
557 7524.323357544654 332 0.4193410873413086
558 7724.323357544654 333 0.4193410873413086
559 7832.19635436775 333 0.4193410873413086
560 7992.387968771472 333 0.4193410873413086
561 8192.387968771473 334 0.4193410873413086
562 8392.387968771473 335 0.4193410873413086
563 8446.397401894266 335 0.4193410873413086
564 8482.057731919715 335 0.4193410873413086
565 8533.191474639505 335 0.4193410873413086
566 8640.492783054931 335 0.4193410873413086
567 8702.10447025793 335 0.4193410873413086
568 8726.267970194333 335 0.4193410873413086
569 8926.267970194333 336 0.4193410873413086
570 8954.94058772426 336 0.4193410873413086
571 9005.726608306362 336 0.4193410873413086
572 9057.026332743077 336 0.4193410873413086
573 9257.026332743077 337 0.4193410873413086
574 9457.026332743077 338 0.4193410873413086
575 9657.026332743077 339 0.4193410873413086
576 9695.711712283339 339 0.4193410873413086
577 9730.421962387278 339 0.4193410873413086
578 9819.557050964882 339 0.4193410873413086
579 10015.196369789937 339 0.4193410873413086
580 10033.756589568498 339 0.43494534492492676
581 10233.756589568498 340 0.43494534492492676
582 10433.756589568498 341 0.43494534492492676
583 10633.756589568498 342 0.43494534492492676
584 10770.312303784298 342 0.43494534492492676
585 10814.495489670104 342 0.43494534492492676
586 10884.729537073385 342 0.43494534492492676
587 10953.672352645663 342 0.43494534492492676
588 11012.764224547109 342 0.43494534492492676
589 11105.186828669128 342 0.43494534492492676
590 11175.719521254208 342 0.43494534492492676
591 11375.719521254208 343 0.43494534492492676
592 11422.079737605378 343 0.43494534492492676
593 11482.919358886787 343 0.43494534492492676
594 11514.507728504761 343 0.43494534492492676
595 2812.286595604098 352 0.45053791999816895
596 3012.286595604098 353 0.45053791999816895
597 3072.9560854822344 353 0.45053791999816895
598 3106.0155713595022 353 0.45053791999816895
599 3304.2846223988295 353 0.45053791999816895
600 3504.2846223988295 354 0.45053791999816895
601 3704.2846223988295 355 0.45053791999816895
602 3742.5227011866386 355 0.45053791999816895
603 3942.5227011866386 356 0.45053791999816895
604 4142.522701186639 357 0.45053791999816895
605 4297.900760308466 357 0.45053791999816895
606 4359.005605890895 357 0.45053791999816895
607 4480.279149968916 357 0.4661588668823242
608 4512.383038277557 357 0.4661588668823242
609 4568.104385910916 357 0.4661588668823242
610 4680.813159181428 357 0.4661588668823242
611 4880.813159181428 358 0.4661588668823242
612 4926.619965581696 358 0.4661588668823242
613 5126.619965581696 359 0.4661588668823242
614 5183.321718398271 359 0.4661588668823242
615 5241.814883071414 359 0.4661588668823242
616 5441.814883071414 360 0.4661588668823242
617 5488.722131165562 360 0.4661588668823242
618 5688.722131165562 361 0.4661588668823242
619 5727.547041380916 361 0.4661588668823242
620 5927.547041380916 362 0.4661588668823242
621 5996.387094598105 362 0.4661588668823242
622 6033.977071879509 362 0.4661588668823242
623 6233.977071879509 363 0.4661588668823242
624 6308.022657166028 363 0.4661588668823242
625 6376.616162109977 363 0.4661588668823242
626 6438.895072014767 363 0.4661588668823242
627 6573.2701823726775 363 0.4661588668823242
628 6773.2701823726775 364 0.4661588668823242
629 6916.44436180338 364 0.4661588668823242
630 6969.997076627904 364 0.4661588668823242
631 7089.281468596505 364 0.4661588668823242
632 7289.281468596505 365 0.4661588668823242
633 7418.212224440656 365 0.4661588668823242
634 7500.132299961761 365 0.4661588668823242
635 7544.178108655191 365 0.4661588668823242
636 7623.529938589698 365 0.4661588668823242
637 7823.529938589698 366 0.4661588668823242
638 7924.675040592019 366 0.4661588668823242
639 7999.675040592019 366 0.4661588668823242
640 8089.356983658276 366 0.4661588668823242
641 8177.119549536487 366 0.4661588668823242
642 8241.766965277762 366 0.4661588668823242
643 8330.195997048915 366 0.4661588668823242
