1 6457.831499178223 30 0.04440498352050781
2 747.1521917019119 33 0.04796767234802246
3 1061.437797142034 38 0.04965996742248535
4 600 41 0.0508275032043457
5 4561.207778171318 62 0.07543826103210449
6 1453.0499560876663 69 0.08152389526367188
7 556.0331166742385 71 0.08259367942810059
8 458.144435925188 73 0.08353233337402344
9 3224.0092560861062 89 0.09595441818237305
10 1000 94 0.09882330894470215
11 400 96 0.09939837455749512
12 400 98 0.10026073455810547
13 2600 111 0.10752367973327637
14 400 113 0.10846853256225586
15 422.7275064124184 115 0.1090705394744873
16 800 119 0.11078691482543945
17 1400 126 0.11490988731384277
18 295.5 127 0.11631369590759277
19 600 130 0.11768317222595215
20 600 133 0.11882281303405762
21 1600 141 0.1230006217956543
22 800 145 0.1249241828918457
23 800 149 0.12613844871520996
24 1400 156 0.13117241859436035
25 1400 163 0.13565683364868164
26 400 165 0.13683724403381348
27 400 167 0.13785552978515625
28 400 169 0.13839364051818848
29 1600 177 0.14156079292297363
30 600 180 0.14267420768737793
31 400 182 0.1434164047241211
32 958.5 186 0.14533257484436035
33 2200 197 0.15128636360168457
34 1000 202 0.153639554977417
35 800 206 0.15487027168273926
36 3211.46556463742 220 0.16710996627807617
37 913.7124573023709 224 0.16973495483398438
38 1097.2834382057683 229 0.17209172248840332
39 1000 234 0.1738758087158203
40 1223.8484131918146 240 0.1762683391571045
41 2667.3663260546964 253 0.18747258186340332
42 1165.8809526358737 257 0.1908245086669922
43 2270.2942025204643 266 0.19843554496765137
44 1279.0 272 0.20131993293762207
45 1400 279 0.20426678657531738
46 1889.3673537409334 288 0.20921802520751953
47 1077.1015202312315 293 0.21187877655029297
48 800 297 0.21303486824035645
49 2004.2664431985795 306 0.21843314170837402
50 800 310 0.22012853622436523
51 686.1945632614583 313 0.22110390663146973
52 2400 325 0.2269144058227539
53 1000 330 0.2295386791229248
54 1074.768357223706 335 0.23164987564086914
55 1279.4086270117857 340 0.23595619201660156
56 2591.923258921797 352 0.24608898162841797
57 450.2568890164008 354 0.24756360054016113
58 800 358 0.24875712394714355
59 593.3313224623763 360 0.2495594024658203
60 6154.78560511468 386 0.2895076274871826
61 1085.3474322925276 391 0.2937150001525879
62 944.5537202582179 395 0.2955474853515625
63 919.5770812689918 399 0.29738330841064453
64 1055.7135531087365 404 0.29923486709594727
65 678.4676516639254 407 0.300213098526001
66 400 409 0.3009812831878662
67 1000 414 0.3022456169128418
68 600 417 0.3032498359680176
69 634.193889148631 420 0.30426859855651855
70 1227.8311656928456 426 0.3063356876373291
71 600 429 0.3073296546936035
72 400 431 0.30779004096984863
73 1222.4094509872734 437 0.30985283851623535
74 800 441 0.31198835372924805
75 800 445 0.31394052505493164
76 800 449 0.31521034240722656
77 400 451 0.31575632095336914
78 837.4127548755961 455 0.31729841232299805
79 800 459 0.3188517093658447
80 1200 465 0.321061372756958
81 400 467 0.3217465877532959
82 1400 474 0.32413744926452637
83 1600 482 0.3312087059020996
