1 2887.7008201693534 14 0.011099576950073242
2 2961.595510652277 14 0.011393547058105469
3 3161.595510652277 15 0.011673450469970703
4 3361.595510652277 16 0.011958599090576172
5 3561.595510652277 17 0.012242555618286133
6 3717.6588785520744 17 0.012524604797363281
7 3917.6588785520744 18 0.012905359268188477
8 4004.3726927199586 18 0.013356685638427734
9 4204.372692719959 19 0.01385807991027832
10 4404.372692719959 20 0.014384984970092773
11 4604.372692719959 21 0.015089750289916992
12 4804.372692719959 22 0.015688180923461914
13 4995.040137985519 22 0.0189666748046875
14 5195.040137985519 23 0.01967477798461914
15 5395.040137985519 24 0.020260334014892578
16 5595.040137985519 25 0.021572351455688477
17 5756.911229255342 25 0.022286176681518555
18 5862.945970367444 25 0.022989749908447266
19 6062.945970367444 26 0.02409195899963379
20 6257.075113724966 26 0.024769067764282227
21 2809.522174358062 31 0.046625614166259766
22 747.1521917019119 34 0.04908013343811035
23 1061.437797142034 39 0.05299258232116699
24 600 42 0.05407547950744629
25 800 43 0.054183244705200195
26 1000 44 0.054291725158691406
27 1200 45 0.05440807342529297
28 1400 46 0.05454277992248535
29 1557.8675884597708 46 0.05469632148742676
30 1757.8675884597708 47 0.05484485626220703
31 1957.8675884597708 48 0.0550229549407959
32 2055.3675884597706 48 0.05518984794616699
33 2126.1235247752034 48 0.05535602569580078
34 2302.1906260940077 48 0.055522918701171875
35 2502.1906260940077 49 0.05569052696228027
36 2550.69843668759 49 0.055872201919555664
37 2644.9582949373153 56 0.06898355484008789
38 2400.482023002552 59 0.07707881927490234
39 1354.0149575971018 65 0.08078646659851074
40 556.0331166742385 67 0.08174943923950195
41 458.144435925188 69 0.08233785629272461
42 658.144435925188 70 0.08242440223693848
43 858.144435925188 71 0.08263421058654785
44 2824.0092560861062 84 0.09214639663696289
45 1000 89 0.09465861320495605
46 400 91 0.09535717964172363
47 400 93 0.09597301483154297
48 2571.173066069833 105 0.10207438468933105
49 400 107 0.10279703140258789
50 422.7275064124184 109 0.10344982147216797
51 800 113 0.10468196868896484
52 1400 120 0.10687375068664551
53 295.5 121 0.10734176635742188
54 600 124 0.10816717147827148
55 600 127 0.10901713371276855
56 1600 135 0.11160063743591309
57 800 139 0.11301755905151367
58 800 143 0.11415219306945801
59 1400 150 0.1165916919708252
60 1400 157 0.11919927597045898
61 400 159 0.11989164352416992
62 400 161 0.12041330337524414
63 400 163 0.12104249000549316
64 1600 171 0.12355399131774902
65 600 174 0.12457561492919922
66 400 176 0.12515950202941895
67 958.5 180 0.1263878345489502
68 2200 191 0.1310732364654541
69 1000 196 0.13323283195495605
70 800 200 0.13425469398498535
71 1000 201 0.13434338569641113
72 1200 202 0.13443517684936523
73 2907.504873963493 214 0.14354443550109863
74 913.7124573023709 218 0.14561796188354492
75 1097.2834382057683 223 0.14794445037841797
76 1000 228 0.14955520629882812
77 1223.8484131918146 234 0.1519327163696289
78 1423.8484131918146 235 0.15204954147338867
79 1623.8484131918146 236 0.15216732025146484
80 2513.767279026173 247 0.16064786911010742
81 1362.17112114351 252 0.16539406776428223
82 2121.019977773721 261 0.1709885597229004
83 1279.0 267 0.1737964153289795
84 2413.3931302744895 277 0.18034982681274414
85 673.5068027210448 280 0.18160343170166016
86 1077.1015202312315 285 0.1832256317138672
87 800 289 0.18432116508483887
88 2004.2664431985795 298 0.19135212898254395
89 800 302 0.19309377670288086
90 686.1945632614583 305 0.19431495666503906
91 2400 317 0.20134258270263672
92 1000 322 0.2038428783416748
93 1059.80573656793 327 0.20645952224731445
94 1310.615595428451 332 0.20998644828796387
95 2720.299037930973 344 0.22001862525939941
96 450.2568890164008 346 0.22131752967834473
97 800 350 0.22445964813232422
98 600 353 0.22540068626403809
99 800 354 0.22550010681152344
100 1000 355 0.22559475898742676
101 1088.7162835772726 355 0.22569656372070312
102 1288.7162835772726 356 0.2258009910583496
103 1361.1319372349526 356 0.22594213485717773
104 1420.9678276298434 356 0.22610187530517578
105 1620.9678276298434 357 0.2265305519104004
106 1820.9678276298434 358 0.2266707420349121
107 2015.529540980516 358 0.22681140899658203
108 2135.9648478555587 358 0.22698020935058594
109 2335.9648478555587 359 0.22711706161499023
110 2492.092161040194 359 0.22733044624328613
111 2353.0617350770253 362 0.23872613906860352
112 2476.9359118477205 362 0.23891878128051758
113 2676.9359118477205 363 0.23907995223999023
114 2876.9359118477205 364 0.2392408847808838
115 3076.9359118477205 365 0.2394106388092041
116 3152.787930449265 365 0.23959064483642578
117 3243.874721430491 365 0.23976755142211914
118 3443.874721430491 366 0.23995089530944824
119 3643.874721430491 367 0.2401418685913086
120 3843.874721430491 368 0.24034810066223145
121 3847.874721430491 368 0.24170565605163574
122 4047.874721430491 369 0.2420642375946045
123 2392.9095536227364 373 0.25374364852905273
124 1132.009883104181 378 0.256575345993042
125 544.5537202582179 380 0.2576103210449219
126 901.6248441121875 384 0.2591280937194824
127 1055.7135531087365 389 0.2608499526977539
128 678.4676516639254 392 0.2617604732513428
129 400 394 0.262939453125
130 1000 399 0.26422739028930664
131 600 402 0.26528501510620117
132 634.193889148631 405 0.26624178886413574
133 1227.8311656928456 411 0.2684187889099121
134 600 414 0.269331693649292
135 400 416 0.26973795890808105
136 1222.4094509872734 422 0.2717769145965576
137 800 426 0.2728724479675293
138 800 430 0.2740929126739502
139 800 434 0.275191068649292
140 400 436 0.2756354808807373
141 837.4127548755961 440 0.2769887447357178
142 800 444 0.2779533863067627
143 1200 450 0.2798435688018799
144 400 452 0.2803492546081543
145 1300.199728828725 458 0.2822549343109131
146 1600 466 0.2852180004119873
147 692.7273478968966 469 0.2868013381958008
148 690.4066174417671 472 0.28804588317871094
149 452.65647004655 474 0.28859734535217285
150 675.6758813997948 477 0.28986501693725586
151 1200 483 0.291654109954834
152 1367.7755812612045 489 0.29445338249206543
153 400 491 0.294985294342041
154 1319.8893952265782 497 0.2971980571746826
155 496.9437534962269 499 0.298067569732666
156 1400 506 0.3002893924713135
157 800 510 0.3015000820159912
158 1523.5325336899118 517 0.3045082092285156
159 800 521 0.3057401180267334
160 729.4172646041991 524 0.3070545196533203
161 991.754250786228 528 0.3087480068206787
162 1656.0555956576877 535 0.31192612648010254
