1 54.25625449634268 11 0.015620946884155273
2 58.66194299169874 24 0.015620946884155273
3 48.64414639299795 34 0.031241893768310547
4 95.43388669441842 55 0.0624845027923584
5 97.11932385066272 55 0.0624845027923584
6 99.8208714474461 55 0.0624845027923584
7 103.8208714474461 56 0.0624845027923584
8 105.01665131540939 56 0.0624845027923584
9 106.74285206738458 56 0.0624845027923584
10 108.62657806639777 56 0.0624845027923584
11 110.67603311713744 56 0.0624845027923584
12 112.18351724707529 56 0.0624845027923584
13 113.24851611494145 56 0.0624845027923584
14 117.24851611494145 57 0.0624845027923584
15 120.38073520191058 57 0.0624845027923584
16 121.45831257526409 57 0.0624845027923584
17 124.8395859474545 57 0.0624845027923584
18 128.8395859474545 58 0.0624845027923584
19 131.91628510303838 58 0.0624845027923584
20 133.37460729870293 58 0.0624845027923584
21 134.88345625986145 58 0.0624845027923584
22 138.88345625986145 59 0.0624845027923584
23 140.9970040717019 59 0.0624845027923584
24 142.69004421811428 59 0.0624845027923584
25 143.54250310333995 59 0.0624845027923584
26 145.21839894171967 59 0.0624845027923584
27 145.95910948566208 59 0.0624845027923584
28 147.60747749221667 59 0.0624845027923584
29 151.16106029160252 59 0.0624845027923584
30 153.24021783704328 59 0.0624845027923584
31 154.80105171181353 59 0.0624845027923584
32 158.80105171181353 60 0.0624845027923584
33 159.63615370769827 60 0.0624845027923584
34 161.2412248734535 60 0.0624845027923584
35 162.23696571898913 60 0.0624845027923584
36 163.07695864435982 60 0.0624845027923584
37 163.7933969399184 60 0.0624845027923584
38 167.03126453321505 60 0.0624845027923584
39 170.54624164342985 60 0.0624845027923584
40 174.54624164342985 61 0.0624845027923584
41 175.28092203797988 61 0.0624845027923584
42 176.72500926990858 61 0.0624845027923584
43 178.49576622808166 61 0.0624845027923584
44 179.089333460087 61 0.0624845027923584
45 181.7161325507799 61 0.0624845027923584
46 184.02080512137664 61 0.0624845027923584
47 186.90224789363293 61 0.0624845027923584
48 188.67826671273284 61 0.0624845027923584
49 191.386273731223 61 0.07810544967651367
50 194.90555821116325 61 0.07810544967651367
51 195.59767742583387 61 0.07810544967651367
52 196.84607479973715 61 0.07810544967651367
53 197.99347599949255 61 0.07810544967651367
54 199.5319888790884 61 0.07810544967651367
55 200.88550294835574 61 0.07810544967651367
56 202.958763302734 61 0.07810544967651367
57 204.80735030829797 61 0.07810544967651367
58 206.44376561853142 61 0.07810544967651367
59 210.44376561853142 62 0.07810544967651367
60 210.69919951809112 62 0.07810544967651367
61 212.23133327160693 62 0.07810544967651367
62 213.59944872796217 62 0.07810544967651367
63 214.51292815856556 62 0.07810544967651367
64 217.39485197978644 62 0.07810544967651367
65 218.79137919398732 62 0.07810544967651367
66 219.98794496481136 62 0.07810544967651367
67 220.91498504621583 62 0.07810544967651367
68 223.8587556796054 62 0.07810544967651367
69 224.6558882575374 62 0.07810544967651367
70 227.87362294859335 62 0.07810544967651367
71 228.33828607518862 62 0.07810544967651367
72 229.99085771150084 62 0.07810544967651367
73 231.85343797643256 62 0.07810544967651367
74 232.1575607798949 62 0.07810544967651367
75 233.5540626685523 62 0.07810544967651367
76 234.33144079252122 62 0.07810544967651367
77 235.10494738698586 62 0.07810544967651367
78 235.54724724086256 62 0.07810544967651367
79 236.2825422757539 62 0.07810544967651367
80 237.98223616781553 62 0.07810544967651367
81 239.26294972537272 62 0.07810544967651367
82 240.3443257556132 62 0.07810544967651367
83 240.97158512788147 62 0.07810544967651367
84 242.20416580600434 62 0.07810544967651367
85 243.62062018370432 62 0.07810544967651367
86 244.25523029256672 62 0.07810544967651367
87 246.1648587228709 62 0.07810544967651367
88 247.22044735449512 62 0.07810544967651367
89 248.2959625693171 62 0.07810544967651367
90 251.1734539438558 62 0.07810544967651367
91 253.7721597742726 62 0.07810544967651367
92 255.9001640247701 62 0.07810544967651367
93 257.5991141269881 62 0.07810544967651367
94 259.5144186019477 62 0.07810544967651367
95 261.3552219428331 62 0.09372687339782715
96 263.4328302538131 62 0.09372687339782715
97 263.76456968521177 62 0.09372687339782715
98 266.6540200163641 62 0.09372687339782715
99 270.41316079663613 62 0.09372687339782715
100 99.76857021007137 84 0.1249704360961914
101 100.44622530168954 84 0.1249704360961914
102 103.13614783239676 84 0.1249704360961914
103 103.55846344145064 84 0.1249704360961914
104 105.94610208756689 84 0.1249704360961914
105 108.38341850139575 84 0.1249704360961914
106 108.43981885992369 84 0.1249704360961914
107 110.91728485845536 84 0.1249704360961914
108 112.86747053366275 84 0.1249704360961914
109 116.86747053366275 85 0.1249704360961914
110 119.52897251722234 85 0.1249704360961914
111 121.52978514576898 85 0.1249704360961914
112 122.51700334765995 85 0.1249704360961914
113 123.22384308078881 85 0.1249704360961914
114 126.96325959557186 85 0.1249704360961914
115 127.50586328974363 85 0.1249704360961914
116 131.0740860621842 85 0.1249704360961914
117 134.02517049339784 85 0.1249704360961914
118 136.49604787469727 85 0.1249704360961914
119 138.63433222026325 85 0.1249704360961914
120 140.01914014102397 85 0.1249704360961914
121 141.47298933529333 85 0.1249704360961914
122 143.48036405482495 85 0.1249704360961914
123 145.07877007561393 85 0.1249704360961914
124 147.03245174137226 85 0.1249704360961914
125 148.95972473457974 85 0.1249704360961914
126 152.93094192264556 85 0.1249704360961914
127 156.52074483326007 85 0.1249704360961914
128 159.88377120687778 85 0.1249704360961914
129 162.21287047632376 85 0.1249704360961914
130 163.13475383705403 85 0.1249704360961914
131 164.61334617867942 85 0.1249704360961914
132 165.25831164749985 85 0.1249704360961914
133 168.35253696327302 85 0.14059185981750488
134 169.91049363770657 85 0.14059185981750488
135 171.93623798837714 85 0.14059185981750488
136 174.20587554496518 85 0.14059185981750488
137 176.0751196978165 85 0.14059185981750488
138 176.6738289509648 85 0.14059185981750488
139 178.0523512824105 85 0.14059185981750488
140 180.80516186676346 85 0.14059185981750488
141 183.98547442703062 85 0.14059185981750488
142 187.8661760288484 85 0.14059185981750488
143 190.6124640109989 85 0.14059185981750488
144 193.61729275382496 85 0.14059185981750488
145 194.02520779620994 85 0.14059185981750488
146 195.17214197600873 85 0.14059185981750488
147 196.0823591912856 85 0.14059185981750488
148 87.54417764324477 104 0.17183446884155273
149 52.248083451637136 114 0.17183446884155273
150 54.56700327555169 126 0.18745636940002441
151 56.63919483776553 139 0.2030777931213379
152 4 140 0.2030777931213379
153 52.707829078061046 150 0.2030777931213379
154 50.52404347817669 161 0.21869921684265137
155 56.645903704499446 174 0.21869921684265137
156 52.76074389528712 186 0.23431992530822754
157 51.38626909391106 198 0.24994134902954102
158 54.24439830606863 209 0.24994134902954102
159 54.4448151236073 221 0.2655625343322754
160 52.389472891085795 232 0.28118443489074707
161 53.9022295488522 244 0.28118443489074707
162 51.064185472336824 255 0.29680514335632324
163 52.619244393050984 266 0.29680514335632324
164 53.439604269410694 278 0.3124263286590576
165 59.03835529626324 291 0.3280477523803711
166 55.26019353582267 303 0.3280477523803711
167 53.77014826569174 314 0.34366917610168457
168 56.48994509456854 327 0.35929059982299805
169 53.90793530110459 339 0.35929059982299805
