1 1887.7008201693536 9 0.006306886672973633
2 2087.7008201693534 10 0.0065441131591796875
3 2287.7008201693534 11 0.006781101226806641
4 2480.4511714929754 11 0.007140159606933594
5 2680.4511714929754 12 0.0074977874755859375
6 2880.4511714929754 13 0.0078125
7 2954.345861975899 13 0.008043289184570312
8 3154.345861975899 14 0.008275747299194336
9 3354.345861975899 15 0.008517265319824219
10 3554.345861975899 16 0.008785724639892578
11 3710.4092298756964 16 0.009045124053955078
12 3910.4092298756964 17 0.00930166244506836
13 4028.375080631765 17 0.009572267532348633
14 4228.375080631765 18 0.009842872619628906
15 4428.375080631765 19 0.010132312774658203
16 4628.375080631765 20 0.010431289672851562
17 4828.375080631765 21 0.010772705078125
18 5019.042525897325 21 0.011101245880126953
19 5219.042525897325 22 0.011413812637329102
20 5419.042525897325 23 0.011740684509277344
21 5619.042525897325 24 0.012083053588867188
22 5780.913617167147 24 0.012434005737304688
23 5886.948358279249 24 0.01278376579284668
24 6086.948358279249 25 0.013135433197021484
25 6281.077501636772 25 0.013498067855834961
26 6481.077501636772 26 0.01392364501953125
27 6551.979602117261 26 0.014306306838989258
28 6751.979602117261 27 0.014685392379760742
29 6806.563874132771 27 0.015091180801391602
30 6862.152778105898 27 0.015472650527954102
31 7062.152778105898 28 0.015856027603149414
32 7232.6227188735975 28 0.016245603561401367
33 7432.6227188735975 29 0.016638755798339844
34 7632.6227188735975 30 0.017052173614501953
35 7832.6227188735975 31 0.017637014389038086
36 7894.060516015632 31 0.018233537673950195
37 7917.426993027487 31 0.018985271453857422
38 7989.679652627727 31 0.019531965255737305
39 1582.002275740554 35 0.028759002685546875
40 1670.4336051161101 35 0.02891683578491211
41 1870.4336051161101 36 0.02904367446899414
42 2070.43360511611 37 0.029217958450317383
43 2270.43360511611 38 0.029364824295043945
44 2470.43360511611 39 0.029518842697143555
45 2670.43360511611 40 0.02968573570251465
46 2834.09141190747 40 0.029865264892578125
47 3034.09141190747 41 0.030049800872802734
48 3234.09141190747 42 0.03301501274108887
49 3434.09141190747 43 0.03330564498901367
50 3491.370744769786 43 0.033519744873046875
51 3691.370744769786 44 0.03373003005981445
52 3891.370744769786 45 0.03395223617553711
53 4091.370744769786 46 0.03434467315673828
54 4291.370744769786 47 0.034750938415527344
55 4491.370744769786 48 0.035147666931152344
56 4691.370744769786 49 0.03558659553527832
57 4691.370744769786 49 0.03605818748474121
58 4891.370744769786 50 0.0365290641784668
59 5091.370744769786 51 0.036904335021972656
60 5291.370744769786 52 0.0372314453125
61 5491.370744769786 53 0.03755545616149902
62 5588.870744769786 53 0.03788495063781738
63 5659.626681085219 53 0.03821277618408203
64 5835.693782404024 53 0.03854227066040039
65 6035.693782404024 54 0.03888511657714844
66 6084.201592997606 54 0.039222002029418945
67 6206.723946658694 54 0.03955388069152832
68 6329.246300319783 54 0.03988313674926758
69 6529.246300319783 55 0.040221452713012695
70 6601.218276325823 55 0.04056882858276367
71 1216.586570685449 57 0.046601295471191406
72 1328.8362476874938 57 0.04822421073913574
73 1528.8362476874938 58 0.048334598541259766
74 1728.8362476874938 59 0.048441171646118164
75 1928.8362476874938 60 0.048552513122558594
76 1995.7565781744652 60 0.048671722412109375
77 2019.9962434512374 60 0.04879164695739746
78 2062.7448133253874 60 0.04891324043273926
79 2262.7448133253874 61 0.049034833908081055
80 2375.777929999626 61 0.049169063568115234
81 2430.476031809754 61 0.0493013858795166
82 2441.6930223757827 61 0.04944133758544922
83 2470.3299397204282 61 0.049584388732910156
84 2670.3299397204282 62 0.04972648620605469
85 2870.3299397204282 63 0.04989337921142578
86 3070.3299397204282 64 0.05027914047241211
87 3270.3299397204282 65 0.05045151710510254
88 3470.3299397204282 66 0.05064678192138672
89 3668.0406770464583 66 0.05104994773864746
90 3868.0406770464583 67 0.05135226249694824
91 4068.0406770464583 68 0.052043914794921875
92 4268.040677046458 69 0.05348038673400879
93 4468.040677046458 70 0.05404782295227051
94 4668.040677046458 71 0.05431365966796875
95 4868.040677046458 72 0.05457186698913574
96 2000 74 0.06214261054992676
97 2200 75 0.06418490409851074
98 2400 76 0.06439447402954102
99 2600 77 0.06458544731140137
100 2624.0092560861062 77 0.06481003761291504
101 2824.0092560861062 78 0.06501126289367676
102 3024.0092560861062 79 0.06522250175476074
103 3224.0092560861062 80 0.06544637680053711
104 3424.0092560861062 81 0.06568145751953125
105 3594.021035055157 81 0.06592726707458496
106 3775.8473557161587 81 0.06617212295532227
107 3975.8473557161587 82 0.06641817092895508
108 4175.847355716159 83 0.06668210029602051
109 4218.369633788329 83 0.06700372695922852
110 4418.369633788329 84 0.06728315353393555
111 4618.369633788329 85 0.06772756576538086
112 4818.369633788329 86 0.06844425201416016
113 5018.369633788329 87 0.0691061019897461
114 5189.542699858162 87 0.06979203224182129
115 5389.542699858162 88 0.07030773162841797
116 5589.542699858162 89 0.07065486907958984
117 5789.542699858162 90 0.07100224494934082
118 5989.542699858162 91 0.07134890556335449
119 6189.542699858162 92 0.07169985771179199
120 6214.642374173373 92 0.07206106185913086
121 6414.642374173373 93 0.07242608070373535
122 6614.642374173373 94 0.0728001594543457
123 6764.803914819193 94 0.07318353652954102
124 6964.803914819193 95 0.07356977462768555
125 7007.003728605329 95 0.07396268844604492
126 7207.003728605329 96 0.07468986511230469
127 7228.559830137394 96 0.07544350624084473
128 7428.559830137394 97 0.07610392570495605
129 7512.432109631683 97 0.07678508758544922
130 7712.432109631683 98 0.07758283615112305
131 7800.810867418433 98 0.07842588424682617
132 7855.236770824277 98 0.07928967475891113
133 8055.236770824277 99 0.08013701438903809
134 8076.147896131008 99 0.0810244083404541
135 8276.147896131008 100 0.08190035820007324
136 8476.147896131008 101 0.08255147933959961
137 1838.8924439894497 105 0.09658217430114746
138 2038.8924439894497 106 0.09677004814147949
139 2118.053690856828 106 0.09692263603210449
140 2200.057532875966 106 0.09707069396972656
141 2400.057532875966 107 0.09722042083740234
142 2600.057532875966 108 0.0973806381225586
143 2776.5164414482597 108 0.0975492000579834
144 2976.5164414482597 109 0.09772109985351562
145 3176.5164414482597 110 0.0979011058807373
146 3376.5164414482597 111 0.09809207916259766
147 3576.5164414482597 112 0.09829568862915039
148 3776.5164414482597 113 0.09851360321044922
149 3976.5164414482597 114 0.09876894950866699
150 4176.51644144826 115 0.09900975227355957
151 4376.51644144826 116 0.0992734432220459
152 4459.642205476546 116 0.09955883026123047
153 4659.642205476546 117 0.09982180595397949
154 4729.93581249664 117 0.10009002685546875
155 4929.93581249664 118 0.10036087036132812
156 5129.93581249664 119 0.10064005851745605
157 5329.93581249664 120 0.10096502304077148
158 5414.2830295945805 120 0.10133838653564453
159 5487.780813453708 120 0.10169315338134766
160 5687.780813453708 121 0.10204100608825684
161 5746.2233041742 121 0.10236024856567383
162 5946.2233041742 122 0.1026766300201416
163 6086.047760854408 122 0.10306811332702637
164 6286.047760854408 123 0.10341238975524902
165 6341.850885358116 123 0.10375571250915527
166 6448.497612439716 123 0.10409212112426758
167 6525.891025766393 123 0.10448360443115234
168 6725.891025766393 124 0.10483431816101074
169 6762.923619066057 124 0.10519194602966309
170 6820.315718344844 124 0.10555481910705566
171 6889.612182901125 124 0.10590577125549316
172 6948.922952932912 124 0.10625052452087402
173 7148.922952932912 125 0.10660099983215332
174 1835.4513230710163 132 0.11664223670959473
175 2035.4513230710163 133 0.11683511734008789
176 2065.2416115329384 133 0.1169891357421875
177 2134.7053641284783 133 0.11747169494628906
178 2334.7053641284783 134 0.11768054962158203
179 2415.5415652976553 134 0.11798357963562012
180 2547.030927431985 134 0.11822748184204102
181 2747.030927431985 135 0.11841750144958496
182 2934.193912066527 135 0.11954927444458008
183 3002.3967860199787 135 0.11993694305419922
184 3202.3967860199787 136 0.1203298568725586
185 3402.3967860199787 137 0.1211392879486084
186 3602.3967860199787 138 0.12137961387634277
187 3802.3967860199787 139 0.12162232398986816
188 4002.3967860199787 140 0.12185931205749512
189 4064.8334032063817 140 0.12209796905517578
190 4114.333403206381 140 0.12235403060913086
191 4248.934014554239 140 0.12259149551391602
192 4448.934014554239 141 0.12288665771484375
193 4648.934014554239 142 0.1231377124786377
194 4848.934014554239 143 0.12341117858886719
195 5048.934014554239 144 0.12368106842041016
196 5248.934014554239 145 0.12396430969238281
197 5313.663441740891 145 0.12425589561462402
198 5382.172868503347 145 0.12454843521118164
199 5582.172868503347 146 0.12483978271484375
200 5683.672868503347 146 0.12514376640319824
201 5777.248450524076 146 0.12544965744018555
202 5977.248450524076 147 0.12576556205749512
203 6177.248450524076 148 0.12607145309448242
204 6377.248450524076 149 0.12639379501342773
205 6577.248450524076 150 0.12672853469848633
206 6687.629807431144 150 0.12708592414855957
207 6785.444727036588 150 0.1274244785308838
208 6985.444727036588 151 0.12781953811645508
209 7039.928252407716 151 0.12821149826049805
210 7239.928252407716 152 0.12862730026245117
211 2000 156 0.1392209529876709
212 2200 157 0.13941693305969238
213 2400 158 0.13958382606506348
214 2600 159 0.1397566795349121
215 2800 160 0.13994073867797852
216 2831.1512566567544 160 0.14014244079589844
217 2944.661391329225 160 0.14033865928649902
218 3117.9444290328543 160 0.1405353546142578
219 3317.9444290328543 161 0.1407327651977539
220 3418.3431262936983 161 0.14094305038452148
221 3526.77487053205 161 0.14115571975708008
222 3726.77487053205 162 0.14136648178100586
223 3926.77487053205 163 0.14158844947814941
224 4126.77487053205 164 0.14181852340698242
225 4221.502091179126 164 0.14206504821777344
226 4290.152504143143 164 0.14231085777282715
227 4490.152504143143 165 0.14255332946777344
228 4690.152504143143 166 0.14281964302062988
229 4890.152504143143 167 0.1430816650390625
230 5090.152504143143 168 0.1433553695678711
231 5290.152504143143 169 0.14363932609558105
232 5490.152504143143 170 0.1439371109008789
233 5617.967727678857 170 0.1442430019378662
234 5817.967727678857 171 0.14455294609069824
235 5976.551949188324 171 0.14487004280090332
236 6176.551949188324 172 0.14518499374389648
237 6376.551949188324 173 0.14551258087158203
238 6576.551949188324 174 0.14584922790527344
239 6776.551949188324 175 0.14619708061218262
240 6890.264406490695 175 0.14655470848083496
241 6938.554534809184 175 0.14697885513305664
242 7138.554534809184 176 0.14733028411865234
243 7338.554534809184 177 0.14769196510314941
244 7409.670756649557 177 0.14806485176086426
245 7609.670756649557 178 0.14844155311584473
246 7663.801384346948 178 0.14882397651672363
247 7730.896873960364 178 0.1492159366607666
248 7804.158477120632 178 0.14960050582885742
249 7873.527625705239 178 0.14998364448547363
250 7880.828188784985 178 0.15040874481201172
251 7929.002018915874 178 0.15091300010681152
252 1365.6536739341827 182 0.15846943855285645
253 1379.7986942127795 182 0.15860819816589355
254 1579.7986942127795 183 0.1587216854095459
255 1779.7986942127795 184 0.15883731842041016
256 1802.4247986694807 184 0.15895986557006836
257 2002.4247986694807 185 0.15908360481262207
258 2202.424798669481 186 0.15921592712402344
259 2402.424798669481 187 0.1593618392944336
260 2602.424798669481 188 0.15951800346374512
261 2626.2732118612957 188 0.1597003936767578
262 2646.1229021313234 188 0.15985918045043945
263 2846.1229021313234 189 0.1600196361541748
264 3046.1229021313234 190 0.16019248962402344
265 3246.1229021313234 191 0.16037654876708984
266 3446.1229021313234 192 0.1605691909790039
267 3646.1229021313234 193 0.16077518463134766
268 3846.1229021313234 194 0.16098976135253906
269 4046.1229021313234 195 0.16121339797973633
270 4086.71701921288 195 0.16145110130310059
271 4107.661365659476 195 0.16168546676635742
272 4266.067221579844 195 0.16191673278808594
273 4290.210464869974 195 0.16215133666992188
274 4490.210464869974 196 0.1623837947845459
275 4513.93012444003 196 0.1626265048980713
276 4560.78664584927 196 0.1628732681274414
277 4577.111201169607 196 0.16315054893493652
278 4644.501217977892 196 0.16339373588562012
279 4701.001217977892 196 0.1636345386505127
280 1553.930701502653 202 0.1695258617401123
281 1568.1440754159923 202 0.1698131561279297
282 1768.1440754159923 203 0.16995906829833984
283 1885.6938222170465 203 0.17008423805236816
284 1952.8009199953892 203 0.1702115535736084
285 2092.660199104391 203 0.1703336238861084
286 2130.200742834754 203 0.1704554557800293
287 2200.4305211044884 203 0.170576810836792
288 2225.005293709164 203 0.17079401016235352
289 2425.005293709164 204 0.17091894149780273
290 2502.696626563815 204 0.1710505485534668
291 2590.033241183102 204 0.17121553421020508
292 2600.9760750878236 204 0.17135143280029297
293 2800.9760750878236 205 0.17148923873901367
294 2869.5056197446543 205 0.1716313362121582
295 2902.1502016660147 205 0.17179465293884277
296 2973.1199127988443 205 0.17194223403930664
297 3019.2823910289876 205 0.1720895767211914
298 3049.733103461153 205 0.17223739624023438
299 3249.733103461153 206 0.17238497734069824
300 3449.733103461153 207 0.1725447177886963
301 3649.733103461153 208 0.17272448539733887
302 3849.733103461153 209 0.1728982925415039
303 3916.7966645137194 209 0.17307829856872559
304 3945.198520135701 209 0.17326068878173828
305 4036.215635917075 209 0.17344427108764648
306 4054.215635917075 209 0.17362499237060547
307 4081.2054652893435 209 0.1738262176513672
308 4281.205465289344 210 0.17401838302612305
309 4311.583804643503 210 0.17422151565551758
310 4370.083804643503 210 0.1744251251220703
311 4570.083804643503 211 0.17462491989135742
312 1879.0 218 0.18189764022827148
313 2079.0 219 0.18219852447509766
314 2279.0 220 0.18235087394714355
315 2443.2833545448516 220 0.18250274658203125
316 2643.2833545448516 221 0.18265247344970703
317 2716.444952229929 221 0.18285202980041504
318 2916.444952229929 222 0.18302559852600098
319 3116.444952229929 223 0.18320465087890625
320 3307.2495440861544 223 0.1833951473236084
321 3324.779819340971 223 0.18358135223388672
322 3347.168166215937 223 0.18385887145996094
323 3447.2980090519977 223 0.18403863906860352
324 3506.9698339569522 223 0.1842184066772461
325 3633.5277892579907 223 0.18439579010009766
326 3719.393967372517 223 0.18457245826721191
327 3919.393967372517 224 0.18476247787475586
328 4052.988079619311 224 0.18494272232055664
329 4130.089599850542 224 0.18512558937072754
330 4160.719295715258 224 0.18530750274658203
331 4360.719295715258 225 0.18549370765686035
332 4560.719295715258 226 0.18568897247314453
333 4760.719295715258 227 0.18589472770690918
334 4811.915445966287 227 0.18610811233520508
335 5011.915445966287 228 0.1863250732421875
336 5090.155916328348 228 0.18654537200927734
337 5290.155916328348 229 0.18678760528564453
338 5490.155916328348 230 0.18702173233032227
339 5690.155916328348 231 0.18730807304382324
340 5722.563263221662 231 0.1875612735748291
341 5856.70833964437 231 0.18781757354736328
342 6056.70833964437 232 0.18807744979858398
343 6127.885552194498 232 0.18834567070007324
344 6327.885552194498 233 0.18860983848571777
345 6527.885552194498 234 0.1889021396636963
346 6591.495977920089 234 0.1892104148864746
347 6791.495977920089 235 0.18952202796936035
348 6891.0501080722415 235 0.18982577323913574
349 6942.904687527057 235 0.19012761116027832
350 1817.0118838598964 240 0.19935822486877441
351 2017.0118838598964 241 0.19953489303588867
352 2217.0118838598964 242 0.19968748092651367
353 2276.288869250788 242 0.1998450756072998
354 2308.4789023682415 242 0.20000290870666504
355 2508.4789023682415 243 0.20016098022460938
356 2704.996408028164 243 0.20032811164855957
357 2904.996408028164 244 0.20049715042114258
358 3104.996408028164 245 0.20067691802978516
359 3304.996408028164 246 0.2008683681488037
360 3504.996408028164 247 0.20106863975524902
361 3683.8763346973224 247 0.20128273963928223
362 3883.8763346973224 248 0.20149588584899902
363 3916.178825672186 248 0.20173096656799316
364 4116.178825672187 249 0.2019507884979248
365 4316.178825672187 250 0.2021777629852295
366 4516.178825672187 251 0.20245838165283203
367 4716.178825672187 252 0.20277810096740723
368 4801.851288680353 252 0.2030467987060547
369 4846.114906437097 252 0.2033083438873291
370 5046.114906437097 253 0.20362520217895508
371 5157.833769757319 253 0.20390629768371582
372 5357.833769757319 254 0.20418071746826172
373 5433.520782985423 254 0.20446276664733887
374 5633.520782985423 255 0.2047429084777832
375 5730.407027475057 255 0.20503711700439453
376 5930.407027475057 256 0.20532965660095215
377 5971.334955014146 256 0.20563292503356934
378 5987.334955014146 256 0.20593571662902832
379 6031.140691582075 256 0.20624184608459473
380 6090.025715534043 256 0.20654511451721191
381 6249.264374149578 256 0.20687437057495117
382 6289.487364418324 256 0.207183837890625
383 6489.487364418324 257 0.20750212669372559
384 6532.548780408154 257 0.20783042907714844
385 6549.048780408154 257 0.20816278457641602
386 6622.048780408154 257 0.20848560333251953
387 1188.3929320162788 261 0.21453237533569336
388 1263.222405011924 261 0.21469783782958984
389 1463.222405011924 262 0.2148120403289795
390 1576.2867671128915 262 0.21491456031799316
391 1639.109052776626 262 0.21501564979553223
392 1839.109052776626 263 0.2151181697845459
393 2039.109052776626 264 0.21522927284240723
394 2239.109052776626 265 0.21534967422485352
395 2439.109052776626 266 0.21547961235046387
396 2639.109052776626 267 0.21569347381591797
397 2839.109052776626 268 0.2158658504486084
398 3039.109052776626 269 0.2160344123840332
399 3216.081009855388 269 0.21621251106262207
400 3416.081009855388 270 0.21639442443847656
401 3491.3973719628552 270 0.21658706665039062
402 3691.3973719628552 271 0.2167801856994629
403 3759.408090707599 271 0.2169804573059082
404 3959.408090707599 272 0.21745085716247559
405 3981.3329723979373 272 0.21768546104431152
406 4051.0182073945202 272 0.21790719032287598
407 4079.950138265621 272 0.21813488006591797
408 4175.698910482022 272 0.21835613250732422
409 4375.698910482022 273 0.2185671329498291
410 4533.527500836599 273 0.21880865097045898
411 1600.166879628166 277 0.22479701042175293
412 1800.166879628166 278 0.22494840621948242
413 1993.4982020905422 278 0.22507715225219727
414 2193.4982020905422 279 0.2252039909362793
415 2393.4982020905422 280 0.225341796875
416 2593.4982020905422 281 0.22548747062683105
417 2793.4982020905422 282 0.22564435005187988
418 2993.4982020905422 283 0.2258129119873047
419 3093.2104092051372 283 0.22599434852600098
420 3293.2104092051372 284 0.22617387771606445
421 3493.2104092051372 285 0.2263650894165039
422 3693.2104092051372 286 0.22659897804260254
423 3893.2104092051372 287 0.22684001922607422
424 4093.2104092051372 288 0.2270667552947998
425 4214.090740795907 288 0.22730112075805664
426 4414.090740795907 289 0.22753524780273438
427 4602.772274370638 289 0.22777938842773438
428 4802.772274370638 290 0.22802233695983887
429 5002.772274370638 291 0.22829651832580566
430 5202.772274370638 292 0.22856473922729492
431 5291.4885579479105 292 0.22896218299865723
432 5435.408764837776 292 0.22970151901245117
433 5627.131050190341 292 0.23029065132141113
434 5753.85605073329 292 0.23073267936706543
435 5953.85605073329 293 0.23121261596679688
436 6153.85605073329 294 0.23172998428344727
437 6213.994752645515 294 0.2321763038635254
438 6334.430059520558 294 0.2324848175048828
439 6534.430059520558 295 0.23280906677246094
440 6690.557372705193 295 0.23311996459960938
441 6890.557372705193 296 0.23351216316223145
442 6941.716778534207 296 0.2340247631072998
443 7141.716778534207 297 0.2343904972076416
444 1637.5164647121794 300 0.24281859397888184
445 1837.5164647121794 301 0.2429673671722412
446 1914.009424431648 301 0.24309706687927246
447 2036.6071368118066 301 0.24325275421142578
448 2236.6071368118064 302 0.2433795928955078
449 2436.6071368118064 303 0.2435150146484375
450 2636.6071368118064 304 0.24367952346801758
451 2640.6071368118064 304 0.2438371181488037
452 2840.6071368118064 305 0.2439899444580078
453 3040.6071368118064 306 0.24415826797485352
454 3240.6071368118064 307 0.24433374404907227
455 3440.6071368118064 308 0.2445201873779297
456 3492.7129968922277 308 0.2447206974029541
457 3692.7129968922277 309 0.24491524696350098
458 3725.954569104334 309 0.24512529373168945
459 3925.954569104334 310 0.24558615684509277
460 3974.542945398517 310 0.2461245059967041
461 4150.0967292457835 310 0.2468702793121338
462 4248.250979368784 310 0.2471146583557129
463 4307.003702722124 310 0.24734902381896973
464 4426.613550528104 310 0.2475752830505371
465 4517.273896583092 310 0.2478170394897461
466 4602.185558568161 310 0.24804425239562988
467 4802.185558568161 311 0.24827051162719727
468 5002.185558568161 312 0.24851131439208984
469 5066.6955575683605 312 0.24875497817993164
470 5135.716919404618 312 0.24899888038635254
471 5335.716919404618 313 0.2492518424987793
472 5535.716919404618 314 0.2495267391204834
473 5731.215367923725 314 0.24981188774108887
474 5931.215367923725 315 0.2500772476196289
475 6131.215367923725 316 0.25035619735717773
476 6186.928921032461 316 0.2506449222564697
477 1855.7135531087365 321 0.25861382484436035
478 1934.1812047726619 321 0.2587924003601074
479 2134.1812047726617 322 0.25893211364746094
480 2334.1812047726617 323 0.2590780258178711
481 2434.1772362156776 323 0.2592325210571289
482 2634.1772362156776 324 0.2593855857849121
483 2834.1772362156776 325 0.2595522403717041
484 2870.07988235771 325 0.25972580909729004
485 3070.07988235771 326 0.2599005699157715
486 3270.07988235771 327 0.2600901126861572
487 3470.07988235771 328 0.26032257080078125
488 3670.07988235771 329 0.26053357124328613
489 3870.07988235771 330 0.26074886322021484
490 4070.07988235771 331 0.26097583770751953
491 4117.548303538752 331 0.2612152099609375
492 4174.520817393537 331 0.2614738941192627
493 4374.520817393537 332 0.26171445846557617
494 4396.214229654063 332 0.26196718215942383
495 4465.053523451783 332 0.26222848892211914
496 4550.660127826778 332 0.2624697685241699
497 4598.1794602417785 332 0.2627243995666504
498 4749.1794602417785 332 0.2629575729370117
499 4868.3692550419455 332 0.26318931579589844
500 5068.3692550419455 333 0.26341986656188965
501 5170.576574770939 333 0.26366448402404785
502 5252.46986868634 333 0.26390528678894043
503 5317.124521689071 333 0.2641463279724121
504 5395.583361002969 333 0.2643890380859375
505 5595.583361002969 334 0.26462674140930176
506 5795.583361002969 335 0.26489853858947754
507 5822.60201336849 335 0.26518917083740234
508 5924.641905177052 335 0.26546430587768555
509 6027.110106675273 335 0.26573610305786133
510 6227.110106675273 336 0.2660095691680908
511 6320.627031220896 336 0.26629018783569336
512 6471.297661483312 336 0.2665696144104004
513 6531.297661483312 336 0.26686811447143555
514 6731.297661483312 337 0.26714038848876953
515 1822.4094509872734 343 0.2750070095062256
516 1974.5114519968308 343 0.2751884460449219
517 2021.192311527429 343 0.2753138542175293
518 2221.192311527429 344 0.2754380702972412
519 2421.192311527429 345 0.2755720615386963
520 2621.192311527429 346 0.27571558952331543
521 2821.192311527429 347 0.27586793899536133
522 2906.273848101671 347 0.2760274410247803
523 3106.273848101671 348 0.2762303352355957
524 3306.273848101671 349 0.27640461921691895
525 3333.0538885465235 349 0.2765848636627197
526 3441.6141801008566 349 0.276761531829834
527 3480.1069452924953 349 0.27693963050842285
528 3680.1069452924953 350 0.277118444442749
529 3756.9282648744106 350 0.27731990814208984
530 3956.9282648744106 351 0.2775084972381592
531 4013.848178248425 351 0.27770423889160156
532 4051.260933124021 351 0.27789974212646484
533 4251.260933124021 352 0.27809739112854004
534 4451.260933124021 353 0.2783081531524658
535 4651.260933124021 354 0.2785298824310303
536 4851.260933124021 355 0.27876877784729004
537 5051.260933124021 356 0.2790064811706543
538 5251.260933124021 357 0.2792508602142334
539 5451.260933124021 358 0.2795090675354004
540 5651.260933124021 359 0.2797727584838867
541 5768.665813675488 359 0.2800462245941162
542 5968.665813675488 360 0.2803518772125244
543 6021.301698502477 360 0.2806394100189209
544 6221.301698502477 361 0.28092384338378906
545 6421.301698502477 362 0.28133726119995117
546 6521.501427331202 362 0.2816464900970459
547 6563.136411987604 362 0.2819516658782959
548 6763.136411987604 363 0.2822582721710205
549 6963.136411987604 364 0.28257131576538086
550 6983.818099200027 364 0.2828998565673828
551 7154.401941172675 364 0.28328633308410645
552 1900.199728828725 369 0.2922835350036621
553 2100.199728828725 370 0.2924518585205078
554 2300.199728828725 371 0.2926006317138672
555 2354.2293225683375 371 0.292741060256958
556 2418.5345308371216 371 0.2928812503814697
557 2493.447944900936 371 0.29302096366882324
558 2693.447944900936 372 0.29316163063049316
559 2893.447944900936 373 0.29331207275390625
560 2956.861671115151 373 0.2934708595275879
561 3011.7274460328567 373 0.29363036155700684
562 3034.5765350680854 373 0.2937920093536377
563 3054.4953638492493 373 0.2939493656158447
564 3254.4953638492493 374 0.29412055015563965
565 3454.4953638492493 375 0.29429173469543457
566 3544.9019812910165 375 0.29453444480895996
567 3577.6635360935566 375 0.29502272605895996
568 3777.6635360935566 376 0.29541468620300293
569 3881.2134057504345 376 0.29575657844543457
570 4018.5048682430233 376 0.2960519790649414
571 4218.504868243023 377 0.2963144779205322
572 4418.504868243023 378 0.2965230941772461
573 4470.99497826675 378 0.2967503070831299
574 4547.029425581714 378 0.2969536781311035
575 4588.732822269972 378 0.29716038703918457
576 4692.031803360993 378 0.29737186431884766
577 4892.031803360993 379 0.2975797653198242
578 4916.195303297396 379 0.29784464836120605
579 5116.195303297396 380 0.2980618476867676
580 5144.867920827325 380 0.2982914447784424
581 5216.7476630525425 380 0.29851722717285156
582 5268.047387489258 380 0.298753023147583
583 5468.047387489258 381 0.2989797592163086
584 5668.047387489258 382 0.29921412467956543
585 5767.94193049508 382 0.29946184158325195
586 5789.049724561009 382 0.29971861839294434
587 5860.941042110707 382 0.2999684810638428
588 5919.0012952861525 382 0.3002188205718994
589 6119.0012952861525 383 0.30046916007995605
590 6155.734342982215 383 0.30072879791259766
591 1655.1197183322483 388 0.3072042465209961
592 1855.1197183322483 389 0.3073446750640869
593 2055.1197183322483 390 0.3074674606323242
594 2255.1197183322483 391 0.3075988292694092
595 2375.0091135588264 391 0.3077385425567627
596 2575.0091135588264 392 0.3078775405883789
597 2632.613563401216 392 0.308025598526001
598 2718.7326630098414 392 0.30817723274230957
599 2855.2742086481353 392 0.3084235191345215
600 2975.4914456846764 392 0.3085784912109375
601 3175.4914456846764 393 0.308729887008667
602 3221.851662035846 393 0.30888891220092773
603 3253.851662035846 393 0.3090498447418213
604 3453.851662035846 394 0.30921149253845215
605 3653.851662035846 395 0.30938291549682617
606 3853.851662035846 396 0.30955982208251953
607 3927.897613839242 396 0.3097515106201172
608 3960.9570997165097 396 0.30994105339050293
609 4159.226150755837 396 0.31012988090515137
610 4359.226150755837 397 0.3103199005126953
611 4559.226150755837 398 0.3105144500732422
612 4624.7940363734515 398 0.31072998046875
613 4824.7940363734515 399 0.3109397888183594
614 5024.7940363734515 400 0.3111572265625
615 5149.694232708086 400 0.3113842010498047
616 5174.988430948527 400 0.31160974502563477
617 5296.261975026548 400 0.3118607997894287
618 5328.365863335189 400 0.31209659576416016
619 5454.636005990341 400 0.3123302459716797
620 5567.344779260853 400 0.31256675720214844
621 5767.344779260853 401 0.31280064582824707
622 5890.959744051984 401 0.31304359436035156
623 6090.959744051984 402 0.31328773498535156
624 6147.661496868558 402 0.3135392665863037
625 1587.1782013370398 407 0.3197343349456787
626 1787.1782013370398 408 0.3199443817138672
627 1818.8317112815469 408 0.32006382942199707
628 2004.1322285473593 408 0.3201749324798584
629 2042.9571387627134 408 0.3202841281890869
630 2242.9571387627134 409 0.32039427757263184
631 2311.797191979902 409 0.32054758071899414
632 2344.9416750830105 409 0.32067108154296875
633 2544.9416750830105 410 0.32079148292541504
634 2607.9519371965753 410 0.3209195137023926
635 2724.9575403436756 410 0.3210484981536865
636 2857.562097113056 410 0.32117629051208496
637 2991.9372074709663 410 0.32130861282348633
638 3191.9372074709663 411 0.3214406967163086
639 3335.1113869016694 411 0.3215823173522949
640 3535.1113869016694 412 0.32172703742980957
641 3717.612942765003 412 0.32187652587890625
642 3917.612942765003 413 0.32202672958374023
643 4061.183675409052 413 0.3221867084503174
644 4143.103750930157 413 0.322345495223999
645 4343.103750930157 414 0.32250475883483887
646 4388.2811789224625 414 0.32267141342163086
647 4588.2811789224625 415 0.32285022735595703
648 4788.2811789224625 416 0.3230314254760742
649 4847.988345625213 416 0.32321929931640625
650 4937.670288691469 416 0.32358241081237793
651 5025.432854569681 416 0.3237731456756592
652 5090.080270310955 416 0.3239607810974121
653 5178.509302082107 416 0.32414984703063965
