1 1887.7008201693536 9 0.007402181625366211
2 2087.7008201693534 10 0.007903575897216797
3 2287.7008201693534 11 0.008391380310058594
4 2480.4511714929754 11 0.008797883987426758
5 2680.4511714929754 12 0.00901484489440918
6 2880.4511714929754 13 0.009285926818847656
7 2954.345861975899 13 0.009729862213134766
8 3154.345861975899 14 0.009981632232666016
9 3354.345861975899 15 0.010224103927612305
10 3554.345861975899 16 0.010478019714355469
11 3710.4092298756964 16 0.01074528694152832
12 3910.4092298756964 17 0.011030435562133789
13 4028.375080631765 17 0.011309146881103516
14 4228.375080631765 18 0.011593818664550781
15 4428.375080631765 19 0.011890411376953125
16 4628.375080631765 20 0.012201309204101562
17 4828.375080631765 21 0.01252293586730957
18 5019.042525897325 21 0.012868642807006836
19 5219.042525897325 22 0.013187646865844727
20 5419.042525897325 23 0.013585805892944336
21 5619.042525897325 24 0.01394033432006836
22 5780.913617167147 24 0.014300346374511719
23 5886.948358279249 24 0.014658927917480469
24 6086.948358279249 25 0.015037775039672852
25 6281.077501636772 25 0.015390634536743164
26 1809.5221743580619 28 0.025310516357421875
27 747.1521917019119 31 0.02686786651611328
28 1061.437797142034 36 0.031706809997558594
29 600 39 0.03278613090515137
30 800 40 0.03288149833679199
31 1000 41 0.03298306465148926
32 1200 42 0.033092498779296875
33 1400 43 0.03321075439453125
34 1600 44 0.033341169357299805
35 1800 45 0.03422713279724121
36 2000 46 0.034386396408081055
37 2000.0 46 0.03455376625061035
38 2200.0 47 0.03472185134887695
39 2357.867588459771 47 0.034899234771728516
40 2557.867588459771 48 0.035093069076538086
41 2757.867588459771 49 0.03607821464538574
42 2000 52 0.04435396194458008
43 2070.755936315433 52 0.04453420639038086
44 2151.97421240897 52 0.04469728469848633
45 2276.3287169256237 52 0.04485654830932617
46 2324.836527519206 52 0.04501485824584961
47 2524.836527519206 53 0.04517507553100586
48 1441.2260866871193 55 0.049918413162231445
49 1354.0149575971018 61 0.05318331718444824
50 556.0331166742385 63 0.05613589286804199
51 458.144435925188 65 0.0573115348815918
52 658.144435925188 66 0.05746316909790039
53 858.144435925188 67 0.05762958526611328
54 1058.144435925188 68 0.058336734771728516
55 1258.144435925188 69 0.058466196060180664
56 1458.144435925188 70 0.058591365814208984
57 1658.144435925188 71 0.058912038803100586
58 1858.144435925188 72 0.059092044830322266
59 1882.1536920112942 72 0.059242963790893555
60 2082.153692011294 73 0.05939364433288574
61 1824.0092560861062 75 0.06517767906188965
62 1824.0092560861062 77 0.07158184051513672
63 770.0117789690509 80 0.07546710968017578
64 400 82 0.07621073722839355
65 600 83 0.07630038261413574
66 800 84 0.07639479637145996
67 1000 85 0.07649898529052734
68 2000 92 0.08361005783081055
69 400 94 0.08473539352416992
70 422.7275064124184 96 0.08585262298583984
71 800 100 0.08732175827026367
72 1400 107 0.09236955642700195
73 295.5 108 0.09299588203430176
74 600 111 0.09382176399230957
75 600 114 0.09505438804626465
76 1600 122 0.09963321685791016
77 800 126 0.10145854949951172
78 800 130 0.10302376747131348
79 1400 137 0.10827898979187012
80 1400 144 0.11299681663513184
81 400 146 0.11424636840820312
82 400 148 0.11504793167114258
83 400 150 0.11722588539123535
84 1600 158 0.1219022274017334
85 600 161 0.12422466278076172
86 400 163 0.12476444244384766
87 958.5 167 0.12619638442993164
88 1158.5 168 0.12631487846374512
89 2000 177 0.13402581214904785
90 1000 182 0.13649916648864746
91 800 186 0.13845396041870117
92 1000 187 0.13859868049621582
93 1200 188 0.13878250122070312
94 1400 189 0.1389915943145752
95 1527.8152235357134 189 0.13913726806640625
96 1727.8152235357134 190 0.13927793502807617
97 1886.3994450451805 190 0.13942551612854004
98 2086.3994450451805 191 0.13958430290222168
99 2286.3994450451805 192 0.1397562026977539
100 2486.3994450451805 193 0.1399400234222412
101 1958.5842215094672 196 0.14798808097839355
102 1319.8048621275989 202 0.15209579467773438
103 843.1625903010128 206 0.15419530868530273
104 1200 212 0.1580216884613037
105 1400 213 0.15816164016723633
106 1600 214 0.15830111503601074
107 1800 215 0.15848779678344727
108 2000 216 0.15864849090576172
109 2024.1432432901302 216 0.15882253646850586
110 2224.14324329013 217 0.1590135097503662
111 2247.8629028601863 217 0.15941762924194336
112 2294.7194242694263 217 0.1596691608428955
113 2342.7194242694263 217 0.16086316108703613
114 1486.9097112135935 219 0.16868925094604492
115 1686.9097112135935 220 0.1688520908355713
116 1886.9097112135935 221 0.16899824142456055
117 2011.8841871303787 221 0.1691572666168213
118 2083.2594254559535 221 0.16935420036315918
119 2101.074498362321 221 0.1696465015411377
120 2301.074498362321 222 0.169844388961792
121 2322.5988741140945 222 0.17001986503601074
122 2334.3070780465937 222 0.17019128799438477
123 2405.2767891794233 222 0.17161846160888672
124 2447.873247770241 222 0.17191290855407715
125 2490.009509013355 222 0.17234301567077637
126 2690.009509013355 223 0.17251896858215332
127 2890.009509013355 224 0.17270588874816895
128 3090.009509013355 225 0.17290282249450684
129 1567.9883588460816 229 0.17894840240478516
130 1279.0 235 0.1825864315032959
131 1479.0 236 0.18273544311523438
132 1669.8045918562252 236 0.18288064002990723
133 1687.3348671110418 236 0.1830291748046875
134 1949.426940733187 244 0.1923072338104248
135 673.5068027210448 247 0.19384002685546875
136 1077.1015202312315 252 0.1958611011505127
137 800 256 0.19730854034423828
138 822.1923548264753 256 0.19742178916931152
139 1832.8155315645834 265 0.203566312789917
140 800 269 0.20560526847839355
141 686.1945632614583 272 0.20666289329528809
142 886.1945632614583 273 0.20676755905151367
143 1086.1945632614584 274 0.20686888694763184
144 2000 282 0.2133042812347412
145 1000 287 0.21546697616577148
146 1074.768357223706 292 0.21779131889343262
147 1366.6051949503956 297 0.22206974029541016
148 1566.6051949503956 298 0.22235727310180664
149 1766.6051949503956 299 0.2226424217224121
150 1966.6051949503956 300 0.22301864624023438
151 2166.6051949503953 301 0.2233893871307373
152 2180.1259922397917 301 0.223952054977417
153 2380.1259922397917 302 0.22472405433654785
154 2448.488119087701 302 0.22562265396118164
155 1515.3648063987848 305 0.2310492992401123
156 600 308 0.23224472999572754
157 800 312 0.2333846092224121
158 1000 317 0.2350301742553711
159 1200 318 0.23517274856567383
160 1400 319 0.23529863357543945
161 1600 320 0.2355048656463623
162 1688.7162835772726 320 0.2356572151184082
163 1888.7162835772726 321 0.235823392868042
164 1961.1319372349526 321 0.2359912395477295
165 2020.9678276298434 321 0.23618483543395996
166 2220.9678276298437 322 0.23650598526000977
167 2420.9678276298437 323 0.2368297576904297
168 2615.5295409805162 323 0.23703432083129883
169 2735.9648478555587 323 0.23723721504211426
170 2935.9648478555587 324 0.24026870727539062
171 3092.092161040194 324 0.24054431915283203
172 3168.2379047356753 324 0.24105596542358398
173 3295.1622289728316 324 0.24145293235778809
174 3495.1622289728316 325 0.24192166328430176
175 3695.1622289728316 326 0.24364948272705078
176 3895.1622289728316 327 0.24413418769836426
177 4025.33579442364 327 0.24439287185668945
178 4162.621456325116 327 0.2446291446685791
179 1588.909553622736 330 0.25092220306396484
180 1788.909553622736 331 0.25110292434692383
181 1988.909553622736 332 0.251253604888916
182 1992.909553622736 332 0.25141143798828125
183 2192.909553622736 333 0.2515718936920166
184 1861.8981291921782 336 0.25773096084594727
185 1132.009883104181 341 0.26046252250671387
186 544.5537202582179 343 0.2616708278656006
187 901.6248441121875 347 0.2633082866668701
188 1051.2120016278436 351 0.2651669979095459
189 678.4676516639253 354 0.2661888599395752
190 400 356 0.26668763160705566
191 1000 361 0.26910829544067383
192 600 364 0.2714517116546631
193 634.193889148631 367 0.2727320194244385
194 1227.8311656928456 373 0.2757546901702881
195 600 376 0.27686429023742676
196 400 378 0.27783203125
197 1222.4094509872734 384 0.28008127212524414
198 800 388 0.2814161777496338
199 800 392 0.2829148769378662
200 800 396 0.28412914276123047
201 400 398 0.2846798896789551
202 837.4127548755961 402 0.28813767433166504
203 800 406 0.2897155284881592
204 1200 412 0.29199886322021484
205 400 414 0.2926454544067383
206 1300.199728828725 420 0.2954118251800537
207 1600 428 0.2993502616882324
208 692.7273478968966 431 0.3019077777862549
209 690.4066174417671 434 0.3033158779144287
210 452.65647004655 436 0.3059196472167969
211 675.6758813997948 439 0.30725550651550293
212 1200 445 0.3098301887512207
213 1367.7755812612045 451 0.3136148452758789
214 400 453 0.31510424613952637
215 1319.8893952265782 459 0.3182969093322754
216 644.4327074222183 462 0.3206191062927246
217 1400 469 0.3248920440673828
218 800 473 0.32752203941345215
219 1600 481 0.3314528465270996
220 800 485 0.33364176750183105
221 838.8249102153542 489 0.33607959747314453
222 957.712413973276 492 0.33881378173828125
223 1656.9497480937523 499 0.34297704696655273
