1 11718.399241515923 53 0.13221216201782227
2 6253.240841786105 81 0.1974327564239502
3 4037.7046002281095 100 0.22216534614562988
4 3285.3034174371433 116 0.2384941577911377
5 2506.515950031863 128 0.24790287017822266
6 3568.50335806352 144 0.2659423351287842
7 2573.5730764445416 155 0.278195858001709
8 4358.5 176 0.2978663444519043
9 5448.627920109084 201 0.334836483001709
10 5373.778714915468 225 0.3859727382659912
11 5870.761035896152 250 0.43373584747314453
12 3819.6735870120565 267 0.45878052711486816
13 4548.051979330939 288 0.4884023666381836
14 5194.895095158349 310 0.5253829956054688
15 8568.802744296314 346 0.6088216304779053
16 2934.181204772662 360 0.6258740425109863
17 3042.9234800776167 373 0.639779806137085
18 2701.541054261622 386 0.6513853073120117
19 2991.9170631226743 400 0.6648752689361572
20 3500.199728828725 417 0.6798882484436035
