1 2887.700820169354 14 1.4298770427703857
2 2961.5955106522774 14 2.0946803092956543
3 3161.5955106522774 15 2.7725722789764404
4 3361.5955106522774 16 3.3382787704467773
5 3561.5955106522774 17 3.8946025371551514
6 3717.658878552075 17 4.522049903869629
7 3917.658878552075 18 5.434271574020386
8 4004.372692719959 18 6.166231155395508
9 4116.671872550605 19 6.6059348583221436
10 4316.671872550605 20 6.834383964538574
11 4516.671872550605 21 6.9834370613098145
12 4716.671872550605 22 7.305264234542847
13 4907.339317816166 22 7.735130310058594
14 5107.339317816166 23 8.168729305267334
15 5307.339317816166 24 8.590434551239014
16 5507.339317816166 25 9.02200174331665
17 5595.315718603065 25 9.507167100906372
18 2903.48743324596 29 10.168232917785645
19 600 32 10.521796226501465
20 400 34 10.817720413208008
21 400 36 11.73301362991333
22 200 37 12.321597576141357
23 200 38 13.143533706665039
24 400 40 13.548079013824463
25 461.437797142034 42 14.046757936477661
26 200 43 15.51008915901184
27 200 44 17.039619207382202
28 200 45 18.644193649291992
29 400.0 46 19.7915518283844
 200 44 0.039141178131103516
29 400 45 0.03921866416931152
30 600 46 0.03929877281188965
31 800 47 0.039386749267578125
32 1000 48 0.03948664665222168
33 2657.2793328623166 57 0.050047874450683594
34 870.7559363154329 61 0.05306553840637207
35 600.0 64 0.054828643798828125
36 400 66 0.055420875549316406
37 600 69 0.05628514289855957
38 400 71 0.05697274208068848
39 200 72 0.0574343204498291
40 243.0 73 0.05799221992492676
41 200 74 0.05848979949951172
42 400 76 0.05896878242492676
43 400 78 0.05956220626831055
44 800 82 0.060730934143066406
45 2000 92 0.06615829467773438
46 824.0092560861062 96 0.0683443546295166
47 400 98 0.06988382339477539
48 200 99 0.07093501091003418
49 200 100 0.07120084762573242
50 200 101 0.07179999351501465
51 400 103 0.07238984107971191
52 1971.173066069833 112 0.07733154296875
53 400 114 0.07821154594421387
54 400 116 0.07866930961608887
55 200 117 0.07933616638183594
56 200 118 0.07965087890625
57 200 119 0.0800628662109375
58 400 121 0.08057212829589844
59 600 124 0.08153772354125977
60 200 125 0.08198857307434082
61 1200 131 0.08544421195983887
62 200 132 0.08711075782775879
63 200 133 0.08748459815979004
64 200 134 0.08788633346557617
65 200 135 0.08829903602600098
66 200 136 0.08870077133178711
67 200 137 0.0891730785369873
68 200 138 0.08947992324829102
69 200 139 0.0897362232208252
70 1000 144 0.09155893325805664
71 200 145 0.09197998046875
72 400 147 0.09269189834594727
73 400 149 0.0933837890625
74 200 150 0.0937507152557373
75 200 151 0.09414124488830566
76 400 153 0.0946953296661377
77 400 155 0.09539270401000977
78 400 157 0.0959005355834961
79 600 160 0.09673547744750977
80 400 162 0.0974729061126709
81 1200 168 0.09998703002929688
82 200 169 0.10091638565063477
83 200 170 0.10144853591918945
84 200 171 0.10208988189697266
85 200 172 0.10261988639831543
86 200 173 0.10294008255004883
87 200 174 0.10356426239013672
88 200 175 0.103912353515625
89 400 177 0.10448789596557617
90 800 181 0.10570263862609863
91 400 183 0.10626864433288574
92 200 184 0.10673642158508301
93 400 186 0.10737776756286621
94 200 187 0.10774445533752441
95 200 188 0.10814666748046875
96 200 189 0.10852980613708496
97 200 190 0.10890674591064453
98 200 191 0.10928702354431152
99 400 193 0.10982203483581543
100 1400 200 0.11246585845947266
101 400 202 0.11331057548522949
102 400 204 0.11402487754821777
103 400 206 0.11503911018371582
104 400 208 0.11582374572753906
105 200 209 0.11641240119934082
106 200 210 0.11689066886901855
107 200 211 0.11734151840209961
108 200 212 0.11767101287841797
109 400 214 0.11994099617004395
110 907.504873963493 218 0.12126278877258301
111 200 219 0.12185454368591309
112 2000 229 0.12593841552734375
113 400 231 0.12683534622192383
114 400 233 0.12753558158874512
115 600 236 0.12859272956848145
116 600 239 0.1295456886291504
117 200 240 0.13013625144958496
118 600 243 0.13079309463500977
119 200 244 0.13125133514404297
120 400 246 0.1318676471710205
121 800 250 0.1334528923034668
122 200 251 0.13399958610534668
123 400 253 0.13486313819885254
124 1600 261 0.13840651512145996
125 800 265 0.13985753059387207
126 200 266 0.14019107818603516
127 674.8575678125799 269 0.14138007164001465
128 400 271 0.14201092720031738
129 796.4044514302722 274 0.14337372779846191
130 655.1552523153009 277 0.14441657066345215
131 400 279 0.1453571319580078
132 870.9697111328297 283 0.1467287540435791
133 872.5 287 0.14821410179138184
134 200 288 0.14882493019104004
135 679.0 291 0.15044403076171875
136 600 294 0.15182781219482422
137 1200 300 0.1550447940826416
138 600 303 0.15596580505371094
139 600 306 0.1571207046508789
140 200 307 0.15741252899169922
141 673.5068027210448 310 0.15843844413757324
142 477.10152023123135 312 0.1593470573425293
143 400 314 0.1597907543182373
144 200 315 0.16024255752563477
145 200 316 0.1606578826904297
146 200 317 0.16114068031311035
147 1000 322 0.16241145133972168
148 200 323 0.1629467010498047
149 600 326 0.16377830505371094
150 600 329 0.16486597061157227
151 200 330 0.1651616096496582
152 400 332 0.16557049751281738
153 200 333 0.16594505310058594
154 200 334 0.16634535789489746
155 200 335 0.16733503341674805
156 200 336 0.16762757301330566
157 400 338 0.168562650680542
158 200 339 0.16907405853271484
159 1000 344 0.1715986728668213
160 400 346 0.17242217063903809
161 800 350 0.1737217903137207
162 600 353 0.17450737953186035
163 400 355 0.17516541481018066
164 200 356 0.17556977272033691
165 600 359 0.17637228965759277
166 200 360 0.17679691314697266
167 443.40631937996005 362 0.17760968208312988
168 600 365 0.17902898788452148
169 849.6944095541555 368 0.1808016300201416
170 310.39174288765656 369 0.18149590492248535
171 400 371 0.18190407752990723
172 1790.492754368158 379 0.1877002716064453
173 400 381 0.18963050842285156
174 400 383 0.19011139869689941
175 400 385 0.1907951831817627
176 400 387 0.1915283203125
177 400 389 0.19203448295593262
178 200 390 0.19247031211853027
179 800 394 0.19370126724243164
180 1000 395 0.19385004043579102
181 1066.172117963474 395 0.1939694881439209
182 1266.172117963474 396 0.19408226013183594
183 1466.172117963474 397 0.19420814514160156
184 1660.7338313141465 397 0.19435620307922363
185 1781.1691381891892 397 0.1944901943206787
186 1981.1691381891892 398 0.19463491439819336
187 2122.8070863472403 398 0.19478249549865723
188 2198.6752157137335 398 0.19492697715759277
189 2302.525107457163 398 0.195068359375
190 2502.525107457163 399 0.19521284103393555
191 2702.525107457163 400 0.19537663459777832
192 2902.525107457163 401 0.19554901123046875
193 2976.9022496419193 401 0.1957261562347412
194 3041.896244171143 401 0.19590115547180176
195 2516.1718299367644 406 0.20883893966674805
196 600 409 0.21005487442016602
197 400 411 0.2109384536743164
198 400 413 0.21151256561279297
199 200 414 0.21180272102355957
200 400 416 0.2129194736480713
201 400 418 0.2133774757385254
202 544.5537202582179 420 0.2142784595489502
203 290.3284048887417 421 0.21490216255187988
204 600 424 0.21553778648376465
205 200 425 0.21649432182312012
206 595.4984485191071 427 0.21718382835388184
207 400 429 0.21850824356079102
208 200 430 0.21888089179992676
209 278.4676516639253 431 0.21956419944763184
210 400 433 0.22032451629638672
211 200 434 0.22066879272460938
212 200 435 0.22106528282165527
213 200 436 0.22145676612854004
214 600 439 0.2223348617553711
215 400 441 0.2228224277496338
216 400 443 0.22351932525634766
217 200 444 0.2240903377532959
218 400 446 0.22456622123718262
219 400 448 0.22524547576904297
220 600 451 0.22622919082641602
221 600 454 0.22703814506530762
222 200 455 0.22748589515686035
223 200 456 0.22798752784729004
224 200 457 0.22829174995422363
225 200 458 0.2286679744720459
226 200 459 0.22904515266418457
227 400 461 0.22968411445617676
228 600 464 0.23050689697265625
229 200 465 0.23161578178405762
230 200 466 0.23216795921325684
231 200 467 0.2325611114501953
232 600 470 0.23375225067138672
233 200 471 0.2341158390045166
234 400 473 0.23473238945007324
235 800 477 0.23706889152526855
236 400 479 0.2377030849456787
237 200 480 0.2381269931793213
238 200 481 0.23852300643920898
239 637.4127548755961 484 0.23949861526489258
240 200 485 0.2399604320526123
241 200 486 0.24061942100524902
242 400 488 0.24136829376220703
243 800 492 0.24349069595336914
244 400 494 0.2445390224456787
245 200 495 0.2452387809753418
246 200 496 0.2458341121673584
247 300.19972882872503 497 0.2466597557067871
248 600 500 0.2481367588043213
249 400 502 0.2490234375
250 800 506 0.25003647804260254
251 400 508 0.25056910514831543
252 400 510 0.25113463401794434
253 200 511 0.25223755836486816
254 400 513 0.25373220443725586
255 200 514 0.2541162967681885
256 490.40661744176714 516 0.25495243072509766
257 200 517 0.2552363872528076
258 200 518 0.2554950714111328
259 200 519 0.25603532791137695
260 200 520 0.25664210319519043
261 400 522 0.25706958770751953
262 275.6758813997948 523 0.257612943649292
263 200 524 0.25800371170043945
264 400 526 0.2586548328399658
265 200 527 0.25902295112609863
266 600 530 0.25965356826782227
267 600 533 0.2607076168060303
268 400 535 0.2611970901489258
269 278.6404926835989 536 0.26177334785461426
270 200 537 0.26201725006103516
271 200 538 0.2624979019165039
272 600 541 0.2633039951324463
273 319.88939522657824 542 0.26374316215515137
274 400 544 0.2645256519317627
275 200 545 0.2648038864135742
276 200 546 0.26520347595214844
277 400 548 0.2657325267791748
278 400 550 0.2663612365722656
279 400 552 0.26686906814575195
280 600 555 0.2675347328186035
281 400 557 0.2683577537536621
282 200 558 0.26875901222229004
283 200 559 0.2691371440887451
284 1000 564 0.2709167003631592
285 400 566 0.27202510833740234
286 200 567 0.2723548412322998
287 400 569 0.273040771484375
288 400 571 0.2734858989715576
289 400 573 0.2740912437438965
290 200 574 0.2743849754333496
291 400 576 0.27502965927124023
292 668.8400532171888 579 0.276073694229126
293 287.02309524313966 580 0.27678489685058594
294 1000 585 0.27838802337646484
