1 16249.191330606094 27 0.06555843353271484
2 12272.879433388258 49 0.11087369918823242
3 4231.1896714664 56 0.11963200569152832
4 10762.074724462187 76 0.13991022109985352
5 6849.952706115369 88 0.15337371826171875
6 3126.7858200551264 94 0.1569657325744629
7 4739.472688242789 103 0.16221976280212402
8 6819.227891409526 116 0.1711277961730957
9 4636.980534433327 125 0.17728495597839355
10 4503.356903679357 133 0.18225550651550293
11 5058.32517816315 143 0.18778657913208008
12 3962.6450164493076 150 0.19166159629821777
13 7644.661391329225 165 0.20272159576416016
14 8890.857943761443 180 0.22581958770751953
15 5643.284476178865 189 0.23863554000854492
16 8383.207775918854 202 0.2583022117614746
17 8977.55672286778 218 0.27800488471984863
18 5057.670237775393 227 0.2857630252838135
19 5910.902735513067 238 0.2947554588317871
20 4574.025860597361 246 0.3005955219268799
21 6108.0674568058585 257 0.3106973171234131
22 8842.035942067376 272 0.3312394618988037
23 5193.331322462376 282 0.33788251876831055
24 14437.222169262976 304 0.38269495964050293
25 5927.794514327888 314 0.39330410957336426
26 4500 323 0.39786219596862793
27 4279.136410082085 331 0.4033701419830322
28 4522.409450987274 340 0.40816521644592285
29 5218.19999561741 349 0.41417360305786133
30 3558.1758301667446 356 0.41869330406188965
31 4828.754766500968 365 0.42353320121765137
32 5277.365063221556 375 0.43049097061157227
