1 3829.958058382721 18 0.017101287841796875
2 4029.958058382721 19 0.01738452911376953
3 4116.671872550605 19 0.017653703689575195
4 4316.671872550605 20 0.017919301986694336
5 4516.671872550605 21 0.01852560043334961
6 4716.671872550605 22 0.01883983612060547
7 4916.671872550605 23 0.019154787063598633
8 5107.339317816166 23 0.019465208053588867
9 5307.339317816166 24 0.02119612693786621
10 5507.339317816166 25 0.021523714065551758
11 5707.339317816166 26 0.021858930587768555
12 5869.210409085988 26 0.022227048873901367
13 5975.24515019809 26 0.02257370948791504
14 6175.24515019809 27 0.022924184799194336
15 6369.374293555613 27 0.02328181266784668
16 6569.374293555613 28 0.02363729476928711
17 6640.276394036102 28 0.02400350570678711
18 6840.276394036102 29 0.024367809295654297
19 6894.8606660516125 29 0.024752378463745117
20 6950.449570024739 29 0.025235414505004883
21 7150.449570024739 30 0.026055574417114258
22 7320.919510792439 30 0.02650165557861328
23 7520.919510792439 31 0.02709341049194336
24 7720.919510792439 32 0.02776169776916504
25 7920.919510792439 33 0.030289888381958008
26 7982.357307934473 33 0.03075718879699707
27 8005.723784946328 33 0.031182527542114258
28 8077.976444546568 33 0.03160405158996582
29 8126.288263544849 33 0.03250479698181152
30 8208.585373985732 33 0.03294038772583008
31 8367.858458326038 33 0.0333704948425293
32 8567.858458326038 34 0.03379988670349121
33 8767.858458326038 35 0.0342559814453125
34 8967.858458326038 36 0.03470277786254883
35 9167.858458326038 37 0.035166025161743164
36 9331.516265117398 37 0.03562664985656738
37 9531.516265117398 38 0.03609609603881836
38 9731.516265117398 39 0.03667736053466797
39 9931.516265117398 40 0.037169456481933594
40 9988.795597979713 40 0.03896808624267578
41 10084.028082938394 40 0.039606571197509766
42 10280.955062595762 40 0.04010343551635742
43 10480.955062595762 41 0.040616750717163086
44 10680.955062595762 42 0.04155898094177246
45 10880.955062595762 43 0.042481422424316406
46 11039.835462825105 43 0.043439626693725586
47 11135.067947783786 43 0.04447221755981445
48 11335.067947783786 44 0.045274972915649414
49 11433.93822597306 44 0.04604768753051758
50 11633.93822597306 45 0.04661750793457031
51 11833.93822597306 46 0.04720258712768555
52 11931.43822597306 46 0.0478975772857666
53 12002.194162288491 46 0.04851388931274414
54 12178.261263607295 46 0.050161123275756836
55 12378.261263607295 47 0.050774574279785156
56 12426.769074200878 47 0.051373958587646484
57 12565.000763765898 47 0.05196356773376465
58 12703.232453330918 47 0.052529335021972656
59 12903.232453330918 48 0.05309796333312988
60 12975.204429336958 48 0.05367422103881836
61 13013.898059945639 48 0.05425763130187988
62 13126.147736947683 48 0.05483365058898926
63 13326.147736947683 49 0.055417776107788086
64 13526.147736947683 50 0.056001901626586914
65 13566.847061422513 50 0.05659937858581543
66 13704.337710721567 50 0.057198524475097656
67 13835.619274660698 50 0.05778980255126953
68 13970.369138818989 50 0.05852389335632324
69 14101.078884487253 50 0.05964303016662598
70 14220.88534711151 50 0.06054091453552246
71 14387.38831952248 50 0.061300039291381836
72 14530.862446506719 50 0.062337636947631836
73 14592.409664280314 50 0.06296324729919434
74 14622.528967378446 50 0.06356406211853027
75 14822.528967378446 51 0.06416440010070801
76 15022.528967378446 52 0.06477642059326172
77 15222.528967378446 53 0.06540036201477051
78 3121.8292932199734 60 0.09430599212646484
79 3321.8292932199734 61 0.09449315071105957
80 3521.8292932199734 62 0.09467625617980957
81 3721.8292932199734 63 0.09486794471740723
82 3921.8292932199734 64 0.09506678581237793
83 4121.829293219973 65 0.0952754020690918
84 4321.829293219973 66 0.09549689292907715
85 4521.829293219973 67 0.09573030471801758
86 4721.829293219973 68 0.09596896171569824
87 4921.829293219973 69 0.09621500968933105
88 5121.829293219973 70 0.09646940231323242
89 5321.829293219973 71 0.09673428535461426
90 5345.83854930608 71 0.09700393676757812
91 5397.570686800716 71 0.09727358818054199
92 5597.570686800716 72 0.09754323959350586
93 5797.570686800716 73 0.09782528877258301
94 5868.114975826851 73 0.09812021255493164
95 6068.114975826851 74 0.09841227531433105
96 6162.131130985619 74 0.09871292114257812
97 6362.131130985619 75 0.09901285171508789
98 6562.131130985619 76 0.09932160377502441
99 6618.9906905872385 76 0.09964108467102051
100 6818.9906905872385 77 0.0999598503112793
101 7018.9906905872385 78 0.10031652450561523
102 7218.9906905872385 79 0.10066103935241699
103 7418.9906905872385 80 0.10101008415222168
104 7590.163756657072 80 0.10137081146240234
105 7790.163756657072 81 0.10173225402832031
106 7990.163756657072 82 0.10210609436035156
107 8190.163756657072 83 0.10248231887817383
108 8390.163756657072 84 0.10286903381347656
109 8404.767490627934 84 0.10326623916625977
110 8436.97942971416 84 0.10365939140319824
111 8636.97942971416 85 0.10405635833740234
112 8836.97942971416 86 0.10446047782897949
113 8977.244517564657 86 0.10487055778503418
114 9177.244517564657 87 0.10528922080993652
115 9229.306296260978 87 0.10571622848510742
116 9267.810368209064 87 0.10614705085754395
117 9328.932048264336 87 0.10674881935119629
118 9528.932048264336 88 0.10719466209411621
119 9605.14234690072 88 0.10763692855834961
120 9805.14234690072 89 0.10808682441711426
121 9878.49602299683 89 0.10854220390319824
122 9936.860670189673 89 0.10899066925048828
123 10136.860670189673 90 0.10944271087646484
124 10157.771795496403 90 0.1098940372467041
125 10357.771795496403 91 0.11035943031311035
126 10557.771795496403 92 0.11082768440246582
127 10757.771795496403 93 0.11130023002624512
128 10957.771795496403 94 0.11178851127624512
129 11025.362546254362 94 0.11228394508361816
130 11162.999251780806 94 0.1127779483795166
131 11186.651445508065 94 0.11327362060546875
132 11386.651445508065 95 0.11376452445983887
133 11559.3540262949 95 0.11426806449890137
134 11665.504069450813 95 0.11476922035217285
135 11865.504069450813 96 0.11527752876281738
136 11916.593460404034 96 0.11578869819641113
137 12116.593460404034 97 0.11631488800048828
138 12316.593460404034 98 0.11683869361877441
139 12516.593460404034 99 0.11736822128295898
140 12716.593460404034 100 0.11790943145751953
141 3736.372607295919 107 0.1536264419555664
142 3747.388557327782 107 0.15385985374450684
143 3947.388557327782 108 0.1540846824645996
144 4147.388557327782 109 0.15432143211364746
145 4347.388557327782 110 0.15456008911132812
146 4547.388557327782 111 0.15480518341064453
147 4747.388557327782 112 0.15505552291870117
148 4770.753301531004 112 0.15531563758850098
149 4866.429642568242 112 0.15557527542114258
150 5066.429642568242 113 0.1558375358581543
151 5124.872133288734 113 0.15717864036560059
152 5324.872133288734 114 0.15746212005615234
153 5464.696589968942 114 0.15774297714233398
154 5664.696589968942 115 0.15802836418151855
155 5720.49971447265 115 0.15832734107971191
156 5827.1464415542505 115 0.15861916542053223
157 5861.525801665682 115 0.15890955924987793
158 6061.525801665682 116 0.15920138359069824
159 6098.5583949653455 116 0.1595008373260498
160 6130.826982901575 116 0.15980172157287598
161 6200.123447457857 116 0.16010069847106934
162 6259.434217489644 116 0.16039824485778809
163 6455.3979792292885 116 0.16069936752319336
164 6513.643279649047 116 0.16100215911865234
165 6713.643279649047 117 0.1613013744354248
166 6740.924672379939 117 0.16161036491394043
167 6781.712677474426 117 0.16191744804382324
168 6888.7836355396485 117 0.1622328758239746
169 6936.20658325191 117 0.16254329681396484
170 7049.60920909423 117 0.16285371780395508
171 7249.60920909423 118 0.16316533088684082
172 7377.10920909423 118 0.1634840965270996
173 7475.950437723799 118 0.1638021469116211
174 7523.612437917413 118 0.16414332389831543
175 7723.612437917413 119 0.16446399688720703
176 7923.612437917413 120 0.1647956371307373
177 8123.612437917413 121 0.16513323783874512
178 8323.612437917414 122 0.1654834747314453
179 8474.605939142575 122 0.16583752632141113
180 8505.06903156603 122 0.1661996841430664
181 8632.387531288341 122 0.16655778884887695
182 8832.387531288341 123 0.16691946983337402
183 9032.387531288341 124 0.16728520393371582
184 9232.387531288341 125 0.17072486877441406
185 9432.387531288341 126 0.17111849784851074
186 9632.387531288341 127 0.17151308059692383
187 9697.116958474993 127 0.17192316055297852
188 9750.29159200748 127 0.17233061790466309
189 9950.29159200748 128 0.17273879051208496
190 10031.790058250715 128 0.17315959930419922
191 10125.365640271444 128 0.17357587814331055
192 10325.365640271444 129 0.17399287223815918
193 10525.365640271444 130 0.17442798614501953
194 10683.224440545331 130 0.1748638153076172
195 10883.224440545331 131 0.17529702186584473
196 10954.055873080946 131 0.17573952674865723
197 11154.055873080946 132 0.17618632316589355
198 11235.48019606293 132 0.1766374111175537
199 11293.77678700347 132 0.17709016799926758
200 11493.77678700347 133 0.17754530906677246
201 11525.695017897619 133 0.1780095100402832
202 11572.944224000643 133 0.17849946022033691
203 11772.944224000643 134 0.1789703369140625
204 11800.013469419822 134 0.17944073677062988
205 11925.485365946493 134 0.17991971969604492
206 11959.583516480496 134 0.18039488792419434
207 12054.001270153916 134 0.18086886405944824
208 12192.851114659623 134 0.18134307861328125
209 12296.132683366513 134 0.18182134628295898
210 12393.294346689983 134 0.18230247497558594
211 12469.933611127472 134 0.18277525901794434
212 12492.433611127472 134 0.18325018882751465
213 12616.724876166876 134 0.18372821807861328
214 12816.724876166876 135 0.1842031478881836
215 12926.375617527077 135 0.1846923828125
216 3237.6469473075613 145 0.20837903022766113
217 3437.6469473075613 146 0.20856213569641113
218 3637.6469473075613 147 0.20874571800231934
219 3837.6469473075613 148 0.20893621444702148
220 4037.6469473075613 149 0.2091357707977295
221 4237.646947307561 150 0.20934438705444336
222 4437.646947307561 151 0.2095646858215332
223 4565.462170843275 151 0.20984745025634766
224 4765.462170843275 152 0.21024775505065918
225 4924.046392352742 152 0.21049165725708008
226 5124.046392352742 153 0.21073079109191895
227 5324.046392352742 154 0.21097564697265625
228 5524.046392352742 155 0.21123075485229492
229 5695.269402958986 155 0.21149444580078125
230 5848.445839815209 155 0.21175694465637207
231 5903.217227969207 155 0.21201777458190918
232 6103.217227969207 156 0.2122817039489746
233 6303.217227969207 157 0.2125558853149414
234 6435.8336519555005 157 0.21283960342407227
235 6635.8336519555005 158 0.21312355995178223
236 6787.731059685592 158 0.21341657638549805
237 6854.826549299009 158 0.21370935440063477
238 6928.088152459276 158 0.2140028476715088
239 6997.4573010438835 158 0.21430301666259766
240 7163.679035203191 158 0.21459412574768066
241 7211.85286533408 158 0.21492457389831543
242 7298.76994699944 158 0.21522045135498047
243 7366.886686345564 158 0.21550989151000977
244 7566.886686345564 159 0.2158057689666748
245 7605.588716903813 159 0.2161085605621338
246 7658.577937907998 159 0.21640825271606445
247 7712.337634450917 159 0.21671104431152344
248 7912.337634450917 160 0.21701884269714355
249 7983.574886288002 160 0.21732854843139648
250 8000.052958055716 160 0.21763944625854492
251 8059.926895795905 160 0.21794629096984863
252 8127.343525938235 160 0.2182786464691162
253 8327.343525938235 161 0.21859145164489746
254 8527.343525938235 162 0.21891546249389648
255 8727.343525938235 163 0.219254732131958
256 8802.400824202363 163 0.21959614753723145
257 9002.400824202363 164 0.21993732452392578
258 9202.400824202363 165 0.22029519081115723
259 9367.782767331 165 0.22065496444702148
260 9541.012534921063 165 0.22101807594299316
261 9610.52364547976 165 0.22137761116027832
262 9768.929501400127 165 0.22173452377319336
263 9813.64158032521 165 0.22210025787353516
264 10013.64158032521 166 0.22246479988098145
265 10062.149311667748 166 0.22283315658569336
266 10109.005833076988 166 0.22320342063903809
267 10260.457673244406 166 0.22357487678527832
268 10438.040758193358 166 0.22394037246704102
269 10621.130790040825 166 0.22443556785583496
270 10676.94657390235 166 0.22481060028076172
271 10839.374906439045 166 0.22518086433410645
272 11039.374906439045 167 0.2255544662475586
273 11166.133921022287 167 0.2259387969970703
274 11233.241018800629 167 0.22634291648864746
275 11372.306337515414 167 0.22672176361083984
276 11514.095226871963 167 0.2270972728729248
277 11584.325005141698 167 0.22747302055358887
278 11608.899777746374 167 0.22785449028015137
279 11774.264342245106 167 0.22823739051818848
280 11910.990949700996 167 0.22861909866333008
281 2564.9868217012504 177 0.24492287635803223
282 2575.929655605972 177 0.2451152801513672
283 2775.929655605972 178 0.24527311325073242
284 2790.9544102360446 178 0.24543428421020508
285 2802.6626141685438 178 0.24559640884399414
286 2873.6323253013734 178 0.2457566261291504
287 2916.228783892191 178 0.24591875076293945
288 2958.365045135305 178 0.2460801601409912
289 3158.365045135305 179 0.24625205993652344
290 3358.365045135305 180 0.24642610549926758
291 3558.365045135305 181 0.24670696258544922
292 3758.365045135305 182 0.24693799018859863
293 3811.5024233324953 182 0.2471930980682373
294 3857.54543918921 182 0.24739670753479004
295 3911.7007623275745 182 0.24759912490844727
296 4043.5216472373418 182 0.24779915809631348
297 4070.5114766096103 182 0.24799799919128418
298 4270.51147660961 183 0.24822330474853516
299 4300.889815963769 183 0.24843478202819824
300 4337.719145258668 183 0.24864673614501953
301 4537.719145258668 184 0.24885845184326172
302 4737.719145258668 185 0.24907636642456055
303 4937.719145258668 186 0.24930810928344727
304 5060.079736310234 186 0.24954557418823242
305 5260.079736310234 187 0.24978375434875488
306 5460.079736310234 188 0.2500326633453369
307 5502.957292152264 188 0.2503020763397217
308 5702.957292152264 189 0.25055932998657227
309 5902.957292152264 190 0.25083279609680176
310 6093.761884008489 190 0.2511463165283203
311 6228.096882822109 190 0.2514495849609375
312 6265.848012653067 190 0.25176382064819336
313 6322.985440894398 190 0.25206494331359863
314 6359.381786130879 190 0.25626182556152344
315 6485.939741431917 190 0.2565643787384033
316 6571.805919546444 190 0.25684070587158203
317 6700.154512557365 190 0.25711584091186523
318 6833.748624804159 190 0.25739240646362305
319 6992.748624804159 190 0.25766730308532715
320 7044.320074287863 190 0.25794219970703125
321 7107.257420783409 190 0.2582283020019531
322 7307.257420783409 191 0.25850677490234375
323 7507.257420783409 192 0.25879383087158203
324 7567.306420173217 192 0.25908684730529785
325 7767.306420173217 193 0.259380578994751
326 7800.907878516583 193 0.2596909999847412
327 8000.907878516583 194 0.260120153427124
328 8200.907878516584 195 0.2604374885559082
329 8400.907878516584 196 0.2607762813568115
330 8428.338700853086 196 0.2611119747161865
331 8562.483777275795 196 0.2614409923553467
332 8762.483777275795 197 0.26177287101745605
333 2999.4918286970637 204 0.28126072883605957
334 3199.4918286970637 205 0.28143787384033203
335 3399.4918286970637 206 0.28161120414733887
336 3421.684183523539 206 0.28179192543029785
337 3621.684183523539 207 0.28197598457336426
338 3821.684183523539 208 0.28217530250549316
339 3849.6386386332665 208 0.2823760509490967
340 4049.6386386332665 209 0.28258299827575684
341 4095.2029702045943 209 0.2827928066253662
342 4295.202970204595 210 0.2830054759979248
343 4357.074514257919 210 0.28322339057922363
344 4385.651397192689 210 0.28344297409057617
345 4585.651397192689 211 0.28366661071777344
346 4782.168902852612 211 0.28389525413513184
347 4934.896182354341 211 0.28412485122680664
348 5134.896182354341 212 0.28435778617858887
349 5334.896182354341 213 0.28459644317626953
350 5534.896182354341 214 0.28484606742858887
351 5707.081358230243 214 0.28510308265686035
352 5907.081358230243 215 0.28536176681518555
353 5932.084847325729 215 0.2856273651123047
354 6132.084847325729 216 0.28589439392089844
355 6332.084847325729 217 0.2861778736114502
356 6532.084847325729 218 0.28646373748779297
357 6732.084847325729 219 0.286757230758667
358 6817.7573103338955 219 0.2870597839355469
359 6850.689362940518 219 0.28736257553100586
360 7050.689362940518 220 0.28766512870788574
361 7162.40822626074 220 0.2879793643951416
362 7362.40822626074 221 0.2883124351501465
363 7438.095239488844 221 0.2889223098754883
364 7638.095239488844 222 0.2892475128173828
365 7734.981483978478 222 0.2895798683166504
366 7934.981483978478 223 0.2899172306060791
367 7954.79813780487 223 0.2902672290802002
368 7970.79813780487 223 0.2906961441040039
369 8014.6038743727995 223 0.2910652160644531
370 8073.488898324767 223 0.2914083003997803
371 8232.727556940301 223 0.29174256324768066
372 8272.950547209048 223 0.29207873344421387
373 8337.572130824003 223 0.2924172878265381
374 8380.633546813833 223 0.2927515506744385
375 8397.133546813833 223 0.29308533668518066
376 8470.133546813833 223 0.29341602325439453
377 8564.323121166582 223 0.2937502861022949
378 8650.26099553332 223 0.2940938472747803
379 8850.26099553332 224 0.2944347858428955
380 8973.550478517507 224 0.2947816848754883
381 9015.753929449664 224 0.29512906074523926
382 9048.391626936967 224 0.2954747676849365
383 9068.391626936967 224 0.2958216667175293
384 9240.140190921416 224 0.2961878776550293
385 9440.140190921416 225 0.2965385913848877
386 9640.140190921416 226 0.2969033718109131
387 9840.140190921416 227 0.2973337173461914
388 10040.140190921416 228 0.2977886199951172
389 10217.112148000178 228 0.29819297790527344
390 10417.112148000178 229 0.2985846996307373
391 10472.934275724663 229 0.2989833354949951
392 10672.934275724663 230 0.2993788719177246
393 3192.1359022543975 237 0.3203144073486328
394 3392.1359022543975 238 0.32051801681518555
395 3414.0607839447357 238 0.3207097053527832
396 3457.87015604337 238 0.3208963871002197
397 3486.8020869144707 238 0.32108235359191895
398 3686.8020869144707 239 0.3212733268737793
399 3886.8020869144707 240 0.3214719295501709
400 4027.412818018356 240 0.32167696952819824
401 4223.710453860094 240 0.3218820095062256
402 4423.710453860094 241 0.3221287727355957
403 4617.0417763224705 241 0.3223440647125244
404 4817.0417763224705 242 0.322559118270874
405 5017.0417763224705 243 0.3227841854095459
406 5217.0417763224705 244 0.32301878929138184
407 5417.0417763224705 245 0.3232612609863281
408 5617.0417763224705 246 0.3235130310058594
409 5716.7539834370655 246 0.323779821395874
410 5916.7539834370655 247 0.32404160499572754
411 6116.7539834370655 248 0.3243136405944824
412 6316.7539834370655 249 0.32459235191345215
413 6516.7539834370655 250 0.32488179206848145
414 6716.7539834370655 251 0.3251800537109375
415 6837.634315027834 251 0.325488805770874
416 7037.634315027834 252 0.32579755783081055
417 7226.315848602566 252 0.32613229751586914
418 7426.315848602566 253 0.32645654678344727
419 7626.315848602566 254 0.32678794860839844
420 7826.315848602566 255 0.32712650299072266
421 7915.032132179838 255 0.3274714946746826
422 8058.952339069704 255 0.3278191089630127
423 8250.674624422269 255 0.3281819820404053
424 8377.399624965217 255 0.32852697372436523
425 8577.399624965217 256 0.328873872756958
426 8777.399624965217 257 0.32923078536987305
427 8837.538326877442 257 0.3295915126800537
428 8957.973633752485 257 0.32995104789733887
429 9157.973633752485 258 0.33033180236816406
430 9314.10094693712 258 0.33070945739746094
431 9514.10094693712 259 0.3310844898223877
432 9565.260352766134 259 0.3314645290374756
433 9765.260352766134 260 0.3318476676940918
434 9965.260352766134 261 0.3322429656982422
435 10165.260352766134 262 0.3326444625854492
436 10241.753312485604 262 0.33306002616882324
437 10364.351024865762 262 0.33347558975219727
438 10488.167387323772 262 0.3338894844055176
439 10688.167387323772 263 0.3343238830566406
440 10888.167387323772 264 0.33475446701049805
441 10892.167387323772 264 0.3351860046386719
442 11092.167387323772 265 0.3356616497039795
443 11292.167387323772 266 0.3361043930053711
444 11492.167387323772 267 0.33655500411987305
445 11508.143965644791 267 0.3370084762573242
446 11571.143965644791 267 0.3374600410461426
447 11771.143965644791 268 0.33791589736938477
448 11804.385537856897 268 0.33838653564453125
449 12004.385537856897 269 0.3388512134552002
450 12052.97391415108 269 0.33933115005493164
451 12228.527697998346 269 0.33980894088745117
452 12326.681948121346 269 0.3402853012084961
453 12385.434671474686 269 0.3407607078552246
454 12505.044519280666 269 0.3412353992462158
455 12595.704865335654 269 0.34171271324157715
456 12680.616527320723 269 0.34221410751342773
457 2951.0798227154023 275 0.3622417449951172
458 3151.0798227154023 276 0.3624153137207031
459 3215.5898217156023 276 0.36258792877197266
460 3244.838498095852 276 0.36275649070739746
461 3444.838498095852 277 0.3629293441772461
462 3644.838498095852 278 0.36310887336730957
463 3840.3369466149593 278 0.3632981777191162
464 4040.3369466149593 279 0.3634953498840332
465 4240.33694661496 280 0.3636951446533203
466 4296.050499723696 280 0.3639039993286133
467 4418.855280230822 280 0.36411285400390625
468 4525.627206717633 280 0.3643190860748291
469 4725.627206717633 281 0.36452770233154297
470 4925.627206717633 282 0.3647451400756836
471 5025.62323816065 282 0.3649766445159912
472 5225.62323816065 283 0.3652074337005615
473 5425.62323816065 284 0.3654508590698242
474 5461.525884302682 284 0.36569833755493164
475 5661.525884302682 285 0.36594462394714355
476 5861.525884302682 286 0.3662238121032715
477 6061.525884302682 287 0.36649179458618164
478 6261.525884302682 288 0.366771936416626
479 6339.011929836679 288 0.36705756187438965
480 6389.513157067515 288 0.36734437942504883
481 6514.380680300085 288 0.3676283359527588
482 6597.904477153684 288 0.36790919303894043
483 6797.904477153684 289 0.36819911003112793
484 6890.318850686763 289 0.36851954460144043
485 7069.565616256134 289 0.3688163757324219
486 7252.801764501802 289 0.3691134452819824
487 7299.726593846524 289 0.36941003799438477
488 7450.726593846524 289 0.3697047233581543
489 7581.111487010108 289 0.36999940872192383
490 7781.111487010108 290 0.370302677154541
491 7883.318806739102 290 0.3706052303314209
492 7948.49751725691 290 0.3709070682525635
493 8013.152170259642 290 0.3712167739868164
494 8206.841484608281 290 0.37152743339538574
495 8406.841484608281 291 0.37183547019958496
496 8606.841484608281 292 0.3721475601196289
497 8704.477626778118 292 0.3724696636199951
498 8806.517518586681 292 0.3727908134460449
499 8950.649346040598 292 0.37311744689941406
500 9150.649346040598 293 0.3734445571899414
501 9244.166270586222 293 0.3737802505493164
502 9394.836900848639 293 0.3741328716278076
503 9441.508207655144 293 0.3744668960571289
504 9641.508207655144 294 0.37480759620666504
505 9679.30371260083 294 0.37514662742614746
506 9753.98972200018 294 0.3754856586456299
507 9827.995373117063 294 0.37583112716674805
508 9839.995373117063 294 0.376173734664917
509 10039.995373117063 295 0.37651968002319336
510 10239.995373117063 296 0.37687110900878906
511 10439.995373117063 297 0.37723207473754883
512 10537.456070087697 297 0.37760138511657715
513 10737.456070087697 298 0.3779761791229248
514 10937.456070087697 299 0.3783736228942871
515 11032.102729633561 299 0.3787698745727539
516 11232.102729633561 300 0.3791637420654297
517 3287.1842356099505 308 0.40076422691345215
518 3487.1842356099505 309 0.40096426010131836
519 3564.005555191866 309 0.40116238594055176
520 3764.005555191866 310 0.40135908126831055
521 3820.9254685658802 310 0.4015634059906006
522 3858.338223441476 310 0.40176844596862793
523 4058.338223441476 311 0.4019756317138672
524 4258.338223441477 312 0.4022035598754883
525 4458.338223441477 313 0.4024357795715332
526 4658.338223441477 314 0.40270113945007324
527 4858.338223441477 315 0.4029543399810791
528 5058.338223441477 316 0.40321803092956543
529 5258.338223441477 317 0.4034841060638428
530 5458.338223441477 318 0.40375757217407227
531 5575.743103992943 318 0.4040381908416748
532 5775.743103992943 319 0.40431880950927734
533 5828.378988819933 319 0.40460944175720215
534 6028.378988819933 320 0.4049046039581299
535 6228.378988819933 321 0.40520691871643066
536 6328.578717648657 321 0.4055166244506836
537 6370.21370230506 321 0.4058237075805664
538 6570.21370230506 322 0.4061579704284668
539 6770.21370230506 323 0.4064767360687256
540 6861.236662399098 323 0.40680742263793945
541 6882.509824092841 323 0.40714216232299805
542 6916.334640616116 323 0.407470703125
543 7116.334640616116 324 0.40784740447998047
544 7270.67187917952 324 0.4081859588623047
545 7324.701472919133 324 0.4085214138031006
546 7369.32135055587 324 0.4088597297668457
547 7394.071203431835 324 0.4091987609863281
548 7445.827536018157 324 0.4095447063446045
549 7645.827536018157 325 0.40988731384277344
550 7711.70054128761 325 0.41024160385131836
551 7806.919403759546 325 0.41058969497680664
552 7823.198224355646 325 0.4109365940093994
553 7843.11705313681 325 0.4112894535064697
554 8003.24828123554 325 0.41164159774780273
555 8053.836116623854 325 0.4119889736175537
556 8196.415187506025 325 0.4123415946960449
557 8246.640387972879 325 0.4126908779144287
558 8446.640387972879 326 0.4130425453186035
559 8554.513384795975 326 0.41340112686157227
560 8714.704999199697 326 0.4137542247772217
561 8914.704999199697 327 0.41413402557373047
562 9114.704999199697 328 0.4145054817199707
563 9168.714432322491 328 0.414886474609375
564 9204.37476234794 328 0.4152677059173584
565 9255.50850506773 328 0.4156472682952881
566 9372.970847158967 328 0.4160277843475342
567 9448.938603926867 328 0.4164164066314697
568 9470.006734548424 328 0.4167978763580322
569 9670.006734548424 329 0.4172070026397705
570 9698.679352078352 329 0.4176037311553955
571 9761.72873753241 329 0.4179990291595459
572 9803.059888029798 329 0.4183990955352783
573 10003.059888029798 330 0.41879773139953613
574 10203.059888029798 331 0.4192030429840088
575 10403.059888029798 332 0.4196181297302246
576 10441.74526757006 332 0.42003893852233887
577 10476.455517674 332 0.42048120498657227
578 10565.590606251604 332 0.42090654373168945
579 10761.22992507666 332 0.4213261604309082
580 10779.79014485522 332 0.42174434661865234
581 10979.79014485522 333 0.4221761226654053
582 11111.95765923601 333 0.4226067066192627
583 3094.94877836454 343 0.44408559799194336
584 3237.4535788398794 343 0.4442763328552246
585 3299.0906536039115 343 0.4444596767425537
586 3364.4012637299656 343 0.44463658332824707
587 3431.511568618842 343 0.4540524482727051
588 3497.7533355880537 343 0.45427680015563965
589 3603.5998545891935 343 0.4544641971588135
590 3659.5732144409635 343 0.4546480178833008
591 3859.5732144409635 344 0.4548323154449463
592 3905.933430792133 344 0.45502519607543945
593 3953.89112612353 344 0.4552147388458252
594 3966.152421024622 344 0.4554026126861572
595 4166.1524210246225 345 0.4555940628051758
596 4366.1524210246225 346 0.47646355628967285
597 4426.82191090276 346 0.477672815322876
598 4483.175199455213 346 0.47789692878723145
599 4681.44425049454 346 0.4781334400177002
600 4825.095093297633 346 0.4783496856689453
601 5025.095093297633 347 0.4789845943450928
602 5115.256128558673 347 0.47921323776245117
603 5315.256128558673 348 0.47943854331970215
604 5515.256128558673 349 0.4796724319458008
605 5670.634187680499 349 0.47991466522216797
606 5690.49801630099 349 0.48015546798706055
607 5781.280266710238 349 0.4810068607330322
608 5838.993128541775 349 0.4812502861022949
609 5928.5629100550395 349 0.4814903736114502
610 6065.835544851547 349 0.4817323684692383
611 6265.835544851547 350 0.4819779396057129
612 6340.926587885366 350 0.4827260971069336
613 6540.926587885366 351 0.4830195903778076
614 6636.213619763515 351 0.48328447341918945
615 6710.881695356061 351 0.4835479259490967
616 6910.881695356061 352 0.4838128089904785
617 6974.062021136839 352 0.4845867156982422
618 7112.51747520476 352 0.48486852645874023
619 7151.342385420114 352 0.48514223098754883
620 7351.342385420114 353 0.4854302406311035
621 7420.182438637303 353 0.48619604110717773
622 7465.94717067393 353 0.48648643493652344
623 7665.94717067393 354 0.4867722988128662
624 7770.974150797693 354 0.4870748519897461
625 7956.031018294708 354 0.4873650074005127
626 8127.319830039238 354 0.488100528717041
627 8261.694940397148 354 0.48839473724365234
628 8461.694940397148 355 0.48868560791015625
629 8604.869119827852 355 0.48898792266845703
630 8658.421834652376 355 0.4892902374267578
631 8810.279086311615 355 0.48983025550842285
632 9010.279086311615 356 0.4901728630065918
633 9210.279086311615 357 0.4904930591583252
634 9292.19916183272 357 0.49083709716796875
635 9434.504664670074 357 0.4911646842956543
636 9548.115377958928 357 0.491565465927124
637 9748.115377958928 358 0.49266886711120605
638 9849.260479961249 358 0.49306344985961914
639 9907.513507318521 358 0.4933936595916748
640 9997.195450384777 358 0.49373435974121094
641 10084.958016262988 358 0.49405670166015625
642 10149.605432004262 358 0.49439311027526855
643 10238.034463775415 358 0.49472904205322266
