1 5648.309324820161 27 0.03911423683166504
2 5751.796758066121 27 0.040511369705200195
3 5857.831499178223 27 0.04190993309020996
4 6057.831499178223 28 0.04238486289978027
5 6251.960642535745 28 0.04281783103942871
6 5660.772389120433 32 0.0895071029663086
7 747.1521917019119 35 0.09246397018432617
8 1061.437797142034 40 0.09411001205444336
9 600 43 0.09491920471191406
10 4681.856995333636 64 0.11841630935668945
11 1354.0149575971018 70 0.12300777435302734
12 556.0331166742385 72 0.12414073944091797
13 458.144435925188 74 0.12499451637268066
14 3224.0092560861062 90 0.1350700855255127
15 970.0117789690509 94 0.1375894546508789
16 400 96 0.13828277587890625
17 400 98 0.13887667655944824
18 2600 111 0.1452484130859375
19 400 113 0.1462249755859375
20 422.7275064124184 115 0.14711618423461914
21 800 119 0.1480402946472168
22 1400 126 0.1504523754119873
23 295.5 127 0.15097284317016602
24 600 130 0.1518254280090332
25 600 133 0.1527717113494873
26 1600 141 0.155517578125
27 800 145 0.15697574615478516
28 800 149 0.15819978713989258
29 1400 156 0.16279053688049316
30 1400 163 0.16546869277954102
31 400 165 0.16635489463806152
32 400 167 0.16701030731201172
33 400 169 0.16759157180786133
34 1600 177 0.17132329940795898
35 600 180 0.17317414283752441
36 400 182 0.17360377311706543
37 1000 187 0.1754608154296875
38 2200 198 0.18112874031066895
39 1000 203 0.18337321281433105
40 800 207 0.18469500541687012
41 3252.8813431279527 222 0.19895172119140625
42 1000 227 0.20273685455322266
43 1097.2834382057683 232 0.20652270317077637
44 1000 237 0.20868635177612305
45 1223.8484131918146 243 0.21197271347045898
46 2667.3663260546964 256 0.2241532802581787
47 1101.7543940606024 260 0.22739839553833008
48 2168.484651116028 269 0.23630070686340332
49 1279.0 275 0.24064207077026367
50 1400 282 0.24348831176757812
51 1889.3673537409334 291 0.24899911880493164
52 1077.1015202312315 296 0.25130510330200195
53 800 300 0.2524983882904053
54 2032.8155315645834 310 0.25811767578125
55 800 314 0.25995969772338867
56 686.1945632614583 317 0.26110196113586426
57 2400 329 0.26671767234802246
58 1000 334 0.2689845561981201
59 1059.80573656793 339 0.2709770202636719
60 1364.3895990996346 345 0.2738008499145508
61 2665.809116475625 357 0.28166866302490234
62 450.2568890164008 359 0.28273773193359375
63 800 363 0.28359127044677734
64 600 366 0.28458213806152344
65 800 367 0.28466224670410156
66 1000 368 0.2847461700439453
67 1200 369 0.2848381996154785
68 1261.8981291921782 369 0.2849431037902832
69 1461.8981291921782 370 0.2850518226623535
70 1661.8981291921782 371 0.2851715087890625
71 1861.8981291921782 372 0.2861618995666504
72 2061.898129192178 373 0.28630542755126953
73 2261.898129192178 374 0.2864563465118408
74 4995.017512285835 390 0.3141591548919678
75 1132.009883104181 395 0.3177664279937744
76 544.5537202582179 397 0.31861090660095215
77 901.6248441121875 401 0.3201932907104492
78 1055.7135531087365 406 0.3232719898223877
79 678.4676516639253 409 0.3242342472076416
80 400 411 0.3249537944793701
81 1000 416 0.3262205123901367
82 600 419 0.3271617889404297
83 634.193889148631 422 0.328000545501709
84 1227.8311656928456 428 0.33020806312561035
85 600 431 0.3310518264770508
86 400 433 0.33164000511169434
87 1222.4094509872734 439 0.33348631858825684
88 800 443 0.33461737632751465
89 800 447 0.33600521087646484
90 800 451 0.3370473384857178
91 400 453 0.33774805068969727
92 837.4127548755961 457 0.33889269828796387
93 800 461 0.3400592803955078
94 1200 467 0.3419499397277832
95 400 469 0.34263157844543457
96 1300.199728828725 475 0.3445885181427002
97 1600 483 0.347625732421875
98 692.7273478968966 486 0.34868407249450684
99 690.4066174417671 489 0.34952616691589355
100 452.65647004655 491 0.35054469108581543
101 675.6758813997948 494 0.3515141010284424
102 1200 500 0.35320353507995605
103 1313.3507427875388 506 0.35577940940856934
104 400 508 0.3565664291381836
105 1319.8893952265782 514 0.3586735725402832
106 496.94375349622686 516 0.35944652557373047
107 1400 523 0.36186671257019043
108 800 527 0.3632676601409912
109 1523.5325336899118 534 0.3657491207122803
110 800 538 0.36760973930358887
