1 15915.904870696388 68 0.2471635341644287
2 16034.380825470806 68 0.2479259967803955
3 16234.380825470806 69 0.24863743782043457
4 16434.380825470806 70 0.24935460090637207
5 16634.380825470806 71 0.2500777244567871
6 16834.380825470806 72 0.2508242130279541
7 16220.25707242394 88 0.5564427375793457
8 6870.1860032376035 121 0.6422290802001953
9 6042.294082467572 148 0.6964731216430664
10 5964.873636462268 175 0.7421858310699463
11 9178.294634759677 212 0.8516113758087158
12 9780.658428542623 254 0.981318473815918
13 8872.518239933659 293 1.09372878074646
14 11553.547359997754 343 1.2503929138183594
15 5079.861854086836 366 1.3014979362487793
16 6029.834213352631 394 1.3466389179229736
17 5852.646908102859 420 1.3985211849212646
