1 5600.8193554334175 27 10.184802055358887
2 5799.841967214089 27 10.347473382949829
3 5871.762061763527 27 10.51789927482605
4 6066.5600340322335 27 11.02408504486084
5 6266.5600340322335 28 11.211528301239014
6 6300.360921594544 28 11.388046264648438
7 6500.360921594544 29 11.573868036270142
8 6546.86360968889 29 11.754595756530762
9 6581.565915087812 29 11.958162546157837
10 6781.565915087812 30 12.14325761795044
11 5069.568518075566 36 19.98532795906067
12 1372.281594125085 42 20.58653450012207
13 1506.9057576103603 43 20.6225802898407
14 1558.3645175455217 44 20.661423921585083
15 1255.8456124285103 45 20.709789276123047
16 601.2612895208529 45 20.76597499847412
17 614.3428581129256 46 20.820141315460205
18 4733.110442959594 65 27.84099769592285
19 1309.1741587302604 71 28.413990259170532
20 4235.902646142033 92 33.25255036354065
21 800 96 33.41778492927551
22 2790.184465262374 109 35.58418822288513
23 1123.4908906240034 114 35.990042209625244
24 1652.3760441423367 122 36.717045545578
25 800 126 36.875079870224
26 1961.554944214035 135 37.823522090911865
27 1600 143 38.45254135131836
28 2486.0090479128776 155 40.32413148880005
29 800 159 40.47986316680908
30 1600 167 41.25018072128296
31 1000 172 41.48670959472656
32 1000 177 41.7191596031189
33 2840.8536004048046 190 43.77335548400879
34 913.7409337046255 194 44.02330660820007
35 4178.763111407247 214 48.32967400550842
36 2221.4553903191154 223 49.80184268951416
37 3084.2956887934333 238 52.44383454322815
38 2902.8483114650644 250 56.03931999206543
39 2908.9185138621515 263 58.814964294433594
40 2781.423695184136 276 61.77893424034119
41 1600 284 62.44037485122681
42 2388.764963996725 295 64.2941403388977
43 1000 300 64.57442879676819
44 2810.637298025705 312 67.0268497467041
45 2133.741358015151 321 68.8042471408844
46 3137.0417314584647 335 72.59580063819885
47 1200 341 73.07312273979187
48 1400.0 342 73.11752033233643
49 1173.4953106940088 343 73.17118430137634
50 1224.9683771095574 344 73.22835516929626
51 1162.6646409562193 345 73.28697156906128
52 640.2651590874568 345 73.35334539413452
53 437.01338831076373 345 73.42245507240295
54 253.51862376934997 345 73.4920825958252
55 72.01310113946784 345 73.58423328399658
56 -424.7436682349726 345 73.67145228385925
57 -362.16728338171515 346 73.74899411201477
58 -390.2160720213394 347 73.83558702468872
59 -748.414065568432 348 73.95817923545837
60 -944.961666746399 349 74.13150954246521
61 -1104.3244528467485 349 74.23208713531494
62 -1540.378602362363 349 74.35413885116577
63 -1613.125804586194 349 74.45116257667542
64 -1616.4266899753136 350 74.55313348770142
65 -1662.6481350202162 351 74.65632033348083
66 4394.156547802824 359 82.06751036643982
67 1151.164246250476 364 82.6493890285492
68 1571.9134956889657 371 83.21278405189514
69 844.2295150323853 375 83.42104744911194
70 1400 382 83.87776613235474
71 1136.956501475102 387 84.23558902740479
72 1645.5 395 84.93811964988708
73 1451.0392006206994 402 85.74123740196228
74 1200 408 86.090993642807
75 1652.5380814267137 416 86.86727476119995
76 1627.0739727413618 424 87.60265636444092
77 1400 431 88.04332518577576
78 1496.0208310732623 438 88.74825620651245
79 1770.6080983427462 446 89.7953987121582
80 1042.511763078 451 90.10250878334045
81 1054.0832691319597 456 90.40649342536926
82 2354.1957443628125 467 91.96502780914307
83 1400 474 92.41509175300598
84 934.453294840364 478 92.70966696739197
85 1870.0 487 93.5641815662384
86 2117.2101658342335 497 94.73056411743164
