1 58.223509510794656 13 0.014091014862060547
2 62.425419309553554 28 0.033574819564819336
3 60.309809386173484 42 0.05783343315124512
4 105.98453053571649 66 0.1009671688079834
5 109.43526916818807 66 0.1016092300415039
6 108.56029944101903 66 0.1022043228149414
7 107.27441419392105 67 0.10278868675231934
8 108.58206380404592 68 0.1033935546875
9 107.75196628403903 69 0.10402679443359375
10 108.99976638771317 69 0.10468435287475586
11 105.2606708757042 69 0.10533738136291504
12 107.58952879261821 70 0.10600709915161133
13 110.53665976687373 70 0.1066596508026123
14 106.77162537031205 71 0.10731983184814453
15 103.45841572693277 71 0.10799813270568848
16 102.17341660972147 71 0.10867118835449219
17 102.49149099249715 71 0.1093447208404541
18 103.15079403505891 71 0.1100165843963623
19 101.75649878984633 71 0.11069035530090332
20 100.32219189613218 71 0.11136794090270996
21 97.80359512578583 71 0.11203742027282715
22 98.31945698726301 72 0.11274337768554688
23 94.40611419009477 72 0.1134481430053711
24 95.20216503116063 72 0.11414885520935059
25 95.15538396370086 73 0.1148381233215332
26 97.75635871087611 73 0.1155538558959961
27 98.68275740648374 73 0.11626982688903809
28 94.72167131983035 73 0.1169896125793457
29 94.08132427901302 73 0.11770844459533691
30 93.49622848324674 73 0.11846280097961426
31 89.8491114667287 73 0.11918091773986816
32 86.82464440520869 73 0.11989998817443848
33 85.74687797856338 74 0.1206204891204834
34 84.60921178057795 74 0.1213531494140625
35 85.04025952877453 75 0.12209916114807129
36 84.6674337504053 75 0.12285447120666504
37 85.62620638369552 76 0.12361335754394531
38 89.62620638369552 77 0.12439775466918945
39 92.7900097320838 77 0.12520146369934082
40 96.7900097320838 78 0.12601447105407715
41 96.82069640023373 78 0.12684226036071777
42 97.90021008573169 79 0.1276717185974121
43 100.22045074755766 79 0.1285104751586914
44 102.24024565522286 79 0.1293473243713379
45 106.24024565522286 80 0.1302018165588379
46 108.27479158871168 81 0.13106966018676758
47 109.37488239920506 81 0.13196277618408203
48 108.6564161191581 81 0.13299822807312012
49 109.18861055802253 82 0.1338944435119629
50 111.24354246481359 82 0.134810209274292
51 111.56634573169939 82 0.13571739196777344
52 114.88006528165705 82 0.13663601875305176
53 118.64884554852095 82 0.13754844665527344
54 117.02931055060323 82 0.1384601593017578
55 117.1453860066408 82 0.13936543464660645
56 121.1453860066408 83 0.1402730941772461
57 119.75270080112823 83 0.14120078086853027
58 119.0815953106292 83 0.14212465286254883
59 120.63976820127773 83 0.14304614067077637
60 120.02341458225135 83 0.14397025108337402
61 118.96564708619957 83 0.14489388465881348
62 118.98216598104781 84 0.14581751823425293
63 118.61086785920003 84 0.14677786827087402
64 121.37680188923328 84 0.14773178100585938
65 122.34562641068936 84 0.14868950843811035
66 123.73820353352856 84 0.14963960647583008
67 122.2346822964358 84 0.15059518814086914
68 124.17904546383721 84 0.15154075622558594
69 127.51483118956405 84 0.15248703956604004
70 125.1022480688849 84 0.15343284606933594
71 128.7855081365972 84 0.1543865203857422
72 128.28691570667877 84 0.15533757209777832
73 130.22822262414752 84 0.1562812328338623
74 131.90798196232154 85 0.15723252296447754
75 130.34868295232863 85 0.15820908546447754
76 133.86845928058202 85 0.15917110443115234
77 134.60472463623606 85 0.1601252555847168
78 134.77928291222074 85 0.16108083724975586
79 135.8830503712239 85 0.16205501556396484
80 137.42649485110778 85 0.16301822662353516
81 136.8586848003499 85 0.16399168968200684
82 137.45522238834027 85 0.16495823860168457
83 135.98513135503657 85 0.1659259796142578
84 133.824902721749 85 0.16689109802246094
85 134.78153201374903 85 0.16785812377929688
86 134.51769643475046 85 0.1688232421875
87 136.502922544786 85 0.16978836059570312
88 136.67086932479467 85 0.17076802253723145
89 136.46612959121327 85 0.17174863815307617
90 135.53350082498588 85 0.17273211479187012
91 136.1487629226799 85 0.17370104789733887
92 137.41824110375228 85 0.17466354370117188
93 138.9591350278986 85 0.17563438415527344
94 138.91174207204045 85 0.17659831047058105
95 139.6120460465891 85 0.17756342887878418
96 137.41893109314825 85 0.17853236198425293
97 140.02635397030906 86 0.17950177192687988
98 140.817346494065 86 0.1804962158203125
99 142.32915880843134 86 0.18149161338806152
100 139.36562227281362 86 0.18290090560913086
101 140.905719033927 86 0.18394184112548828
102 141.2224589662147 87 0.18512773513793945
103 142.39809190860586 87 0.18614530563354492
104 141.2389789663844 87 0.1871495246887207
105 144.0449248543367 87 0.1881561279296875
106 142.72953009521788 87 0.18917012214660645
107 141.6265507301472 87 0.19018888473510742
108 143.49175519511357 87 0.19120430946350098
109 143.10565150193435 87 0.19220852851867676
110 104.61815848443453 108 0.24283361434936523
111 108.40764759331344 108 0.24365973472595215
112 112.26521394893793 108 0.24420547485351562
113 116.26521394893793 109 0.24474644660949707
114 119.65602972129174 109 0.24530410766601562
115 120.9643365728356 109 0.24586200714111328
116 124.9643365728356 110 0.2464277744293213
117 127.78695673400375 110 0.24700355529785156
118 130.98736620742687 110 0.24758648872375488
119 132.7472573490657 110 0.24816465377807617
120 136.7472573490657 111 0.24874305725097656
121 136.83380694354003 111 0.24934005737304688
122 140.83380694354003 112 0.24994826316833496
123 144.83380694354003 113 0.25057053565979004
124 148.83380694354003 114 0.2512178421020508
125 151.96603953650379 114 0.25191473960876465
126 153.71380386011774 115 0.25261592864990234
127 157.71380386011774 116 0.2533113956451416
128 161.71380386011774 117 0.2540297508239746
129 163.0851138987093 117 0.2547638416290283
130 166.05464750330486 118 0.2555067539215088
131 168.32583652602736 118 0.2562730312347412
132 169.74133458168342 118 0.25702714920043945
133 173.74133458168342 119 0.25779294967651367
134 177.74133458168342 120 0.25857973098754883
135 181.10799761324364 121 0.2593815326690674
136 182.08140778198492 121 0.26019883155822754
137 185.14770327628392 121 0.26102209091186523
138 188.81755583427997 121 0.2618417739868164
139 189.7918063585436 121 0.2626645565032959
140 192.02078168549048 121 0.2634847164154053
141 193.57920194072835 122 0.26431751251220703
142 192.54037035193653 122 0.26516127586364746
143 191.93336405618285 122 0.26601243019104004
144 194.46967699055776 122 0.26685452461242676
145 195.07886121820394 123 0.2677121162414551
146 196.49756517140514 123 0.26858973503112793
147 198.97780097100974 123 0.2694516181945801
148 107.86291235548657 137 0.31737661361694336
149 59.499653018726185 150 0.33946824073791504
150 61.756572836846935 164 0.35157203674316406
151 56.36845503874225 177 0.36332249641418457
152 4 178 0.3637664318084717
153 60.8535267311023 192 0.3726346492767334
154 62.6447013125551 207 0.3855173587799072
155 57.17986390965526 220 0.3972747325897217
156 62.85601741406386 235 0.4099266529083252
157 60.72082167091511 249 0.42281079292297363
158 58.24719659080587 262 0.4351766109466553
159 60.087506870844464 276 0.44762516021728516
160 63.6267821877443 291 0.4607226848602295
161 62.45500478082565 306 0.47369813919067383
162 61.722232430046255 320 0.4861166477203369
163 61.56507201344166 334 0.5011453628540039
164 63.735757649180755 349 0.5158734321594238
165 58.268371481897276 363 0.5283598899841309
166 61.54848402178139 377 0.5406465530395508
167 60.46832801697806 391 0.5532393455505371
168 63.50743337896541 406 0.5667891502380371
169 61.90753287428255 421 0.5797116756439209
