1 5648.309324820161 27 0.04625749588012695
2 5754.344065932263 27 0.047154903411865234
3 5954.344065932263 28 0.04795503616333008
4 6148.473209289787 28 0.04877734184265137
5 6348.473209289787 29 0.04958009719848633
6 6419.375309770276 29 0.05042552947998047
7 6619.375309770276 30 0.05156707763671875
8 6673.959581785786 30 0.052985429763793945
9 6641.847665589559 30 0.05388474464416504
10 6841.847665589559 31 0.054765939712524414
11 5271.440408352595 35 0.10054588317871094
12 1422.1217861178297 41 0.10667538642883301
13 1533.6904567422737 42 0.10687494277954102
14 1528.0418616344987 43 0.10707855224609375
15 591.714933712379 44 0.10730195045471191
16 162.87276537523087 45 0.10754752159118652
17 -138.99297737713016 45 0.10781455039978027
18 4763.118131218261 65 0.13756799697875977
19 1094.112939168257 69 0.1413726806640625
20 4224.009256086107 90 0.15966439247131348
21 800 94 0.16191768646240234
22 3000 109 0.1711416244506836
23 1090.33449698411 114 0.17449569702148438
24 1530.7975529677474 121 0.1779158115386963
25 800 125 0.17936038970947266
26 2000 135 0.18383312225341797
27 1600 143 0.1877293586730957
28 2465.2416115329384 155 0.19625139236450195
29 731.4893621343298 158 0.19794988632202148
30 1600 166 0.20103979110717773
31 1000 171 0.2030348777770996
32 1000 176 0.20473265647888184
33 3000 191 0.21415042877197266
34 1000 196 0.21654748916625977
35 3921.961855120561 214 0.23277044296264648
36 1736.7244469746179 221 0.2398083209991455
37 3041.4638417660854 236 0.25110673904418945
38 2762.1877124453126 248 0.2652587890625
39 2570.3727764048786 259 0.2761831283569336
40 2961.3985540393696 273 0.2901794910430908
41 1317.3261531900393 279 0.2940328121185303
42 2455.007886391058 291 0.30190157890319824
43 859.2769853908917 295 0.3038167953491211
44 2860.238356278558 308 0.31360697746276855
45 2086.7907314292024 317 0.3222086429595947
46 3157.689398015355 332 0.3355100154876709
47 1106.100618513131 337 0.33836984634399414
48 1306.100618513131 338 0.3385345935821533
49 671.169069169752 339 0.33870887756347656
50 162.81995002970223 340 0.33890342712402344
51 -405.0477030389893 341 0.33911991119384766
52 -1497.6046302579402 341 0.33935546875
53 -1879.0699361541008 341 0.33959031105041504
54 -2917.588284807878 341 0.33982205390930176
55 -3128.2361344127876 342 0.3400571346282959
56 -4081.557697809387 343 0.3403127193450928
57 -4148.322914925488 344 0.340592622756958
58 -4336.174952648747 345 0.34088921546936035
59 -4696.536253810528 346 0.34121227264404297
60 -5043.0367831189415 347 0.3415567874908447
61 -5829.234369232401 347 0.34192419052124023
62 -6246.830470978323 347 0.34253692626953125
63 -6295.906001253187 348 0.34292030334472656
64 -6392.804003009808 348 0.3433246612548828
65 -6441.260712852958 349 0.34372615814208984
66 4801.433738965102 360 0.37540531158447266
67 1244.9841944586997 365 0.3803291320800781
68 1455.7135531087365 372 0.38413095474243164
69 878.4676516639253 376 0.3857421875
70 1400 383 0.38822484016418457
71 1055.8873014091575 388 0.3905019760131836
72 1495.9092945721027 395 0.395596981048584
73 1422.4094509872734 402 0.39885663986206055
74 1200 408 0.4012916088104248
75 1620.7630752911487 416 0.40513181686401367
76 1637.412754875596 424 0.4092700481414795
77 1400 431 0.41233134269714355
78 1500.199728828725 438 0.4157140254974365
79 1792.496878980876 446 0.4208803176879883
80 1090.4066174417671 451 0.42310237884521484
81 928.3323514463448 455 0.42481493949890137
82 2200.4830387559055 465 0.43131184577941895
83 1319.8893952265782 471 0.43439173698425293
84 963.3258697246049 475 0.4363975524902344
85 2000 485 0.44089174270629883
86 2026.4857091052938 494 0.4474499225616455
