1 3761.5955106522774 18 0.01806020736694336
2 3961.5955106522774 19 0.01836681365966797
3 4048.3093248201617 19 0.018639802932739258
4 4248.309324820162 20 0.018913745880126953
5 4448.309324820162 21 0.019194841384887695
6 4648.309324820162 22 0.019484758377075195
7 4848.309324820162 23 0.01981186866760254
8 5038.976770085723 23 0.020576953887939453
9 5238.976770085723 24 0.020919084548950195
10 5438.976770085723 25 0.02124810218811035
11 5638.976770085723 26 0.02156829833984375
12 5800.847861355545 26 0.02190256118774414
13 5906.882602467647 26 0.022235631942749023
14 6106.882602467647 27 0.022568225860595703
15 6301.01174582517 27 0.022909879684448242
16 6501.01174582517 28 0.023250579833984375
17 6571.913846305659 28 0.023609399795532227
18 6771.913846305659 29 0.023974180221557617
19 6826.498118321169 29 0.024338483810424805
20 6882.087022294296 29 0.024703025817871094
21 7082.087022294296 30 0.02506709098815918
22 7282.087022294296 31 0.025448083877563477
23 7482.087022294296 32 0.025836467742919922
24 7682.087022294296 33 0.026236772537231445
25 7882.087022294296 34 0.026645898818969727
26 7943.52481943633 34 0.027070045471191406
27 7966.891296448185 34 0.027494430541992188
28 8039.143956048425 34 0.027924060821533203
29 8087.455775046706 34 0.02834916114807129
30 8175.8871044222615 34 0.02877187728881836
31 8335.160188762567 34 0.02920079231262207
32 8535.160188762567 35 0.02960658073425293
33 8735.160188762567 36 0.030025959014892578
34 8935.160188762567 37 0.030465126037597656
35 9135.160188762567 38 0.030909299850463867
36 9298.817995553927 38 0.03136301040649414
37 9498.817995553927 39 0.03182029724121094
38 9698.817995553927 40 0.032282352447509766
39 9898.817995553927 41 0.03275632858276367
40 9956.097328416243 41 0.03323960304260254
41 10051.329813374923 41 0.03372526168823242
42 10248.256793032291 41 0.034209251403808594
43 10448.256793032291 42 0.0347137451171875
44 10648.256793032291 43 0.03521442413330078
45 10848.256793032291 44 0.03572702407836914
46 11007.137193261635 44 0.03624367713928223
47 11102.369678220315 44 0.03676557540893555
48 11302.369678220315 45 0.03728747367858887
49 11413.329073288292 45 0.03782820701599121
50 11613.329073288292 46 0.038362979888916016
51 11813.329073288292 47 0.03890419006347656
52 11910.829073288292 47 0.039456844329833984
53 11981.585009603725 47 0.04002785682678223
54 12157.652110922529 47 0.04056143760681152
55 12357.652110922529 48 0.04109811782836914
56 12406.159921516111 48 0.04164242744445801
57 12544.391611081131 48 0.04218697547912598
58 12682.623300646152 48 0.04272794723510742
59 12882.623300646152 49 0.04327750205993652
60 12954.595276652191 49 0.043840885162353516
61 12993.288907260872 49 0.04439210891723633
62 13105.538584262917 49 0.04495048522949219
63 13305.538584262917 50 0.04550814628601074
64 13505.538584262917 51 0.04608511924743652
65 13546.237908737747 51 0.04664278030395508
66 13683.7285580368 51 0.04720783233642578
67 13815.01012197593 51 0.0477750301361084
68 13949.759986134222 51 0.048339128494262695
69 14080.469731802486 51 0.04889822006225586
70 14200.276194426744 51 0.04945826530456543
71 14366.779166837714 51 0.05021405220031738
72 14510.253293821952 51 0.05079984664916992
73 14571.800511595548 51 0.05137228965759277
74 14601.91981469368 51 0.051944732666015625
75 14801.91981469368 52 0.052660226821899414
76 15001.91981469368 53 0.05332636833190918
77 2885.0802280286 60 0.07922196388244629
78 3085.0802280286 61 0.07941198348999023
79 3285.0802280286 62 0.07958316802978516
80 3485.0802280286 63 0.07977461814880371
81 3685.0802280286 64 0.07995891571044922
82 3885.0802280286 65 0.0801539421081543
83 4085.0802280286 66 0.08035850524902344
84 4285.0802280286 67 0.08414745330810547
85 4485.0802280286 68 0.08437466621398926
86 4685.0802280286 69 0.08460617065429688
87 4885.0802280286 70 0.08484601974487305
88 5085.0802280286 71 0.08514809608459473
89 5285.0802280286 72 0.08541417121887207
90 5309.0894841147065 72 0.08568644523620605
91 5378.4946688405325 72 0.08595991134643555
92 5578.4946688405325 73 0.0862281322479248
93 5778.4946688405325 74 0.08650875091552734
94 5817.196699398782 74 0.08679699897766113
95 5999.246846247912 74 0.08708381652832031
96 6093.26300140668 74 0.0874490737915039
97 6293.26300140668 75 0.0885007381439209
98 6493.26300140668 76 0.08925843238830566
99 6505.26300140668 76 0.08976459503173828
100 6705.26300140668 77 0.09010934829711914
101 6905.26300140668 78 0.09045052528381348
102 7105.26300140668 79 0.09079527854919434
103 7305.26300140668 80 0.09115433692932129
104 7476.436067476513 80 0.09152460098266602
105 7676.436067476513 81 0.09190821647644043
106 7876.436067476513 82 0.09228849411010742
107 8076.436067476513 83 0.09268546104431152
108 8276.436067476512 84 0.09308624267578125
109 8291.039801447374 84 0.09349679946899414
110 8362.96876114264 84 0.09390902519226074
111 8562.96876114264 85 0.09431958198547363
112 8762.96876114264 86 0.09474301338195801
113 8878.924328793924 86 0.09517621994018555
114 9078.924328793924 87 0.09561896324157715
115 9099.563506773176 87 0.09610104560852051
116 9131.1055437344 87 0.09655332565307617
117 9156.403765015748 87 0.09699511528015137
118 9356.403765015748 88 0.0974586009979248
119 9432.614063652132 88 0.09790730476379395
120 9632.614063652132 89 0.09835982322692871
121 9692.271992282496 89 0.09880614280700684
122 9713.392948412484 89 0.09926056861877441
123 9913.392948412484 90 0.09973454475402832
124 9934.304073719213 90 0.10021114349365234
125 10134.304073719213 91 0.10068726539611816
126 10334.304073719213 92 0.10124969482421875
127 10534.304073719213 93 0.10174894332885742
128 10734.304073719213 94 0.10226869583129883
129 10754.558856904863 94 0.10303783416748047
130 10842.338443261902 94 0.10356450080871582
131 10865.990636989161 94 0.10430455207824707
132 11065.990636989161 95 0.10566568374633789
133 11265.990636989161 96 0.10630297660827637
134 11372.140680145074 96 0.10686635971069336
135 3545.6661449482253 104 0.13873624801635742
136 3745.6661449482253 105 0.13902664184570312
137 3945.6661449482253 106 0.13927364349365234
138 4145.666144948225 107 0.13952040672302246
139 4345.666144948225 108 0.13979792594909668
140 4545.666144948225 109 0.1400620937347412
141 4745.666144948225 110 0.14033865928649902
142 4756.682094980089 110 0.1406245231628418
143 4956.682094980089 111 0.1409139633178711
144 5026.9757020001825 111 0.14121794700622559
145 5226.9757020001825 112 0.14150309562683105
146 5426.9757020001825 113 0.14180874824523926
147 5626.9757020001825 114 0.14211606979370117
148 5650.340446203404 114 0.14243173599243164
149 5723.838230062532 114 0.14275050163269043
150 5923.838230062532 115 0.14306974411010742
151 5982.280720783024 115 0.14339447021484375
152 6029.067253436026 115 0.1437234878540039
153 6168.891710116233 115 0.14405584335327148
154 6368.891710116233 116 0.14439010620117188
155 6402.952363358352 116 0.14472723007202148
156 6509.599090439952 116 0.1450645923614502
157 6543.9784505513835 116 0.1454029083251953
158 6743.9784505513835 117 0.14574241638183594
159 6781.011043851047 117 0.14609575271606445
160 6838.4031431298345 117 0.14650249481201172
161 6907.699607686116 117 0.14687752723693848
162 6967.010377717903 117 0.14722824096679688
163 7162.974139457548 117 0.14757609367370605
164 7221.219439877306 117 0.14793920516967773
165 7421.219439877306 118 0.14829015731811523
166 7455.388805005416 118 0.14864611625671387
167 7496.1768100999025 118 0.1490020751953125
168 7603.247768165125 118 0.1493537425994873
169 7650.670715877387 118 0.14971327781677246
170 7764.073341719707 118 0.150068998336792
171 7964.073341719707 119 0.15042471885681152
172 8091.573341719707 119 0.15079450607299805
173 8190.414570349276 119 0.151167631149292
174 8238.07657054289 119 0.15164685249328613
175 8438.07657054289 120 0.15204381942749023
176 8638.07657054289 121 0.15256118774414062
177 8838.07657054289 122 0.15309715270996094
178 9038.07657054289 123 0.15366888046264648
179 9189.07007176805 123 0.15413832664489746
180 9219.533164191505 123 0.15462660789489746
181 9346.851663913816 123 0.15504693984985352
182 9546.851663913816 124 0.1554548740386963
183 9746.851663913816 125 0.15588736534118652
184 9946.851663913816 126 0.15674281120300293
185 10146.851663913816 127 0.1571817398071289
186 10346.851663913816 128 0.15763211250305176
187 10411.581091100468 128 0.15808796882629395
188 10464.755724632954 128 0.15854358673095703
189 10664.755724632954 129 0.15899944305419922
190 10746.25419087619 129 0.15946149826049805
191 10839.82977289692 129 0.15993452072143555
192 11039.82977289692 130 0.1603999137878418
193 11239.82977289692 131 0.160874605178833
194 11397.688573170806 131 0.1613609790802002
195 11597.688573170806 132 0.16183042526245117
196 11668.520005706421 132 0.1623058319091797
197 11868.520005706421 133 0.16284632682800293
198 11949.944328688405 133 0.1633615493774414
199 12008.240919628945 133 0.16385912895202637
200 12208.240919628945 134 0.1643533706665039
201 12240.159150523094 134 0.16484999656677246
202 12287.408356626118 134 0.16535234451293945
203 12487.408356626118 135 0.16585183143615723
204 12514.477602045297 135 0.16636180877685547
205 12639.949498571968 135 0.1668717861175537
206 3647.752776887986 146 0.2060534954071045
207 3761.2629115604564 146 0.20633363723754883
208 3915.0087692913944 146 0.20656347274780273
209 4115.008769291395 147 0.20679903030395508
210 4215.4074665522385 147 0.20703887939453125
211 4323.83921079059 147 0.2072737216949463
212 4392.698940313836 147 0.20750999450683594
213 4592.698940313836 148 0.20778274536132812
214 4792.698940313836 149 0.20803546905517578
215 4887.426160960912 149 0.20829558372497559
216 4956.076573924929 149 0.20862603187561035
217 5156.076573924929 150 0.2088925838470459
218 5356.076573924929 151 0.2091836929321289
219 5556.076573924929 152 0.20948076248168945
220 5756.076573924929 153 0.21013641357421875
221 5956.076573924929 154 0.21046233177185059
222 6058.294775728301 154 0.21079325675964355
223 6186.109999264015 154 0.2111368179321289
224 6386.109999264015 155 0.2114579677581787
225 6544.694220773482 155 0.21180033683776855
226 6744.694220773482 156 0.2121286392211914
227 6944.694220773482 157 0.2124617099761963
228 7144.694220773482 158 0.21280860900878906
229 7234.1488574036875 158 0.2131667137145996
230 7323.176017074296 158 0.21352386474609375
231 7371.466145392785 158 0.21388006210327148
232 7571.466145392785 159 0.21423697471618652
233 7771.466145392785 160 0.21462774276733398
234 7857.940634120977 160 0.21502017974853516
235 8057.940634120977 161 0.2154088020324707
236 8096.2708141399125 161 0.2158195972442627
237 8163.366303753329 161 0.21620750427246094
238 8210.79327598134 161 0.21666288375854492
239 8269.289366695954 161 0.21723365783691406
240 8359.914804182745 161 0.21792984008789062
241 8408.088634313634 161 0.21874451637268066
242 8495.005715978994 161 0.2195732593536377
243 8547.125239746556 161 0.2203845977783203
244 8747.125239746556 162 0.22138214111328125
245 8812.359115744692 162 0.2221815586090088
246 8853.168600001121 162 0.2229325771331787
247 8906.928296544042 162 0.22339224815368652
248 9106.928296544042 163 0.22382497787475586
249 9178.165548381126 163 0.22428059577941895
250 9194.64362014884 163 0.2247757911682129
251 9236.127548647091 163 0.2252192497253418
252 9303.544178789421 163 0.2257082462310791
253 9503.544178789421 164 0.2261524200439453
254 9703.544178789421 165 0.22661662101745605
255 9903.544178789421 166 0.22707390785217285
256 9978.60147705355 166 0.22753524780273438
257 10178.60147705355 167 0.22826385498046875
258 10378.60147705355 168 0.22875189781188965
259 10558.253596942846 168 0.22924542427062988
260 10685.770855357547 168 0.22973108291625977
261 10755.281965916243 168 0.2302112579345703
262 10913.687821836611 168 0.23070311546325684
263 10973.662027164817 168 0.23120880126953125
264 11173.662027164817 169 0.23173117637634277
265 11227.84324823615 169 0.23222780227661133
266 11274.69976964539 169 0.23278307914733887
267 11354.22536909594 169 0.23328447341918945
268 11508.310173192473 169 0.23385357856750488
269 11654.980367460486 169 0.23476600646972656
270 11722.577197796807 169 0.23579907417297363
271 11812.885210177465 169 0.23665428161621094
272 11943.410409229915 169 0.23754644393920898
273 11983.720421183081 169 0.2384028434753418
274 12180.97788010492 169 0.2389225959777832
275 12320.043198819705 169 0.23942112922668457
276 12421.965803520616 169 0.2399311065673828
277 12621.965803520616 170 0.24048209190368652
278 12677.121055835916 170 0.2409970760345459
279 2814.377488122134 181 0.26591968536376953
280 2869.5368006054214 181 0.26613950729370117
281 2889.386490875449 181 0.266326904296875
282 2907.2015637818163 181 0.2665092945098877
283 3107.2015637818163 182 0.2666943073272705
284 3128.72593953359 182 0.2668883800506592
285 3140.434143466089 182 0.26708292961120605
286 3211.4038545989188 182 0.2672901153564453
287 3240.158783788771 182 0.26749467849731445
288 3282.295045031885 182 0.26770997047424316
289 3482.295045031885 183 0.26792001724243164
290 3682.295045031885 184 0.2681400775909424
291 3882.295045031885 185 0.2683682441711426
292 4082.295045031885 186 0.26860928535461426
293 4135.4324232290755 186 0.26888084411621094
294 4181.47543908579 186 0.2691817283630371
295 4228.539769590648 186 0.26952123641967773
296 4246.539769590648 186 0.27086830139160156
297 4273.529598962917 186 0.27117371559143066
298 4473.529598962917 187 0.2714381217956543
299 4501.368211929771 187 0.2717170715332031
300 4543.868211929771 187 0.2720003128051758
301 4743.868211929771 188 0.2722597122192383
302 4943.868211929771 189 0.27253174781799316
303 5143.868211929771 190 0.2728145122528076
304 5266.228802981337 190 0.2731051445007324
305 5466.228802981337 191 0.27339839935302734
306 5666.228802981337 192 0.2736990451812744
307 5709.106358823367 192 0.27401113510131836
308 5909.106358823367 193 0.27432775497436523
309 6109.106358823367 194 0.27465152740478516
310 6299.910950679592 194 0.27498650550842285
311 6334.470995278984 194 0.27532386779785156
312 6372.222125109942 194 0.27565908432006836
313 6429.3595533512735 194 0.2760004997253418
314 6465.755898587754 194 0.2763330936431885
315 6592.313853888792 194 0.27666616439819336
316 6678.180032003319 194 0.27699875831604004
317 6806.52862501424 194 0.2773306369781494
318 6940.122737261034 194 0.2776663303375244
319 7099.122737261034 194 0.2779967784881592
320 7150.694186744738 194 0.27832770347595215
321 7213.631533240284 194 0.2787022590637207
322 7413.631533240284 195 0.2790374755859375
323 7613.631533240284 196 0.27937960624694824
324 7673.680532630092 196 0.27974581718444824
325 7873.680532630092 197 0.28010034561157227
326 7907.281990973458 197 0.28046703338623047
327 8107.281990973458 198 0.2808358669281006
328 8307.281990973457 199 0.28121471405029297
329 8507.281990973457 200 0.2816016674041748
330 8532.309683542526 200 0.2819998264312744
331 8666.454759965234 200 0.28240275382995605
332 8866.454759965234 201 0.2828059196472168
333 8941.552230763378 201 0.2832372188568115
334 9141.552230763378 202 0.2837972640991211
335 9341.552230763378 203 0.28423118591308594
336 3155.123587647676 209 0.30899620056152344
337 3355.123587647676 210 0.30932021141052246
338 3555.123587647676 211 0.30954623222351074
339 3572.135471507572 211 0.3097724914550781
340 3772.135471507572 212 0.3099994659423828
341 3817.6998030789 212 0.31023216247558594
342 4017.6998030789 213 0.31052160263061523
343 4093.5366259411126 213 0.310774564743042
344 4115.925432471306 213 0.31102442741394043
345 4315.925432471306 214 0.3112757205963135
346 4512.442938131228 214 0.31153392791748047
347 4684.524172911968 214 0.31180357933044434
348 4884.524172911968 215 0.31206607818603516
349 5084.524172911968 216 0.3123359680175781
350 5284.524172911968 217 0.3126182556152344
351 5463.4040995811265 217 0.3129103183746338
352 5663.4040995811265 218 0.31320929527282715
353 5691.6684371036 218 0.31350159645080566
354 5891.6684371036 219 0.313795804977417
355 6091.6684371036 220 0.3141038417816162
356 6291.6684371036 221 0.3144187927246094
357 6491.6684371036 222 0.3147461414337158
358 6577.340900111766 222 0.315075159072876
359 6607.946684004417 222 0.31540632247924805
360 6807.946684004417 223 0.31574559211730957
361 6919.665547324639 223 0.3160974979400635
362 7119.665547324639 224 0.31643009185791016
363 7195.352560552743 224 0.3167726993560791
364 7395.352560552743 225 0.32294678688049316
365 7492.238805042377 225 0.33040428161621094
366 7692.238805042377 226 0.33083510398864746
367 7730.342390736969 226 0.3311936855316162
368 7746.342390736969 226 0.3315434455871582
369 7790.1481273048985 226 0.3319058418273926
370 7849.033151256866 226 0.33234238624572754
371 8008.271809872401 226 0.33272552490234375
372 8048.494800141148 226 0.3330674171447754
373 8107.292121119593 226 0.3334085941314697
374 8150.353537109422 226 0.33374714851379395
375 8166.853537109422 226 0.3341670036315918
376 8239.853537109422 226 0.3351726531982422
377 8334.043111462172 226 0.3355543613433838
378 8419.980985828908 226 0.33675312995910645
379 8619.980985828908 227 0.33712220191955566
380 8743.270468813096 227 0.337482213973999
381 8785.473919745253 227 0.3381776809692383
382 8818.111617232556 227 0.3385653495788574
383 8857.090234103422 227 0.33892059326171875
384 9028.83879808787 227 0.3392763137817383
385 9228.83879808787 228 0.3398478031158447
386 9428.83879808787 229 0.3402247428894043
387 9628.83879808787 230 0.3405885696411133
388 9828.83879808787 231 0.34096431732177734
389 10005.810755166633 231 0.3415820598602295
390 10205.810755166633 232 0.3419759273529053
391 10242.865406173223 232 0.34237194061279297
392 10442.865406173223 233 0.34276771545410156
393 10472.11120289528 233 0.34339046478271484
394 10628.61120289528 233 0.34382081031799316
395 10661.02295441589 233 0.34421825408935547
396 10706.28197449076 233 0.3446176052093506
397 10735.21390536186 233 0.34523487091064453
398 10780.719441366826 233 0.3456382751464844
399 10889.98176884149 233 0.3460407257080078
400 3308.186981949469 243 0.3689155578613281
401 3504.4846177912077 243 0.3691530227661133
402 3704.4846177912077 244 0.36934876441955566
403 3897.815940253584 244 0.3695509433746338
404 4097.815940253584 245 0.3697516918182373
405 4297.815940253584 246 0.369964599609375
406 4497.815940253584 247 0.37018418312072754
407 4697.815940253584 248 0.37041687965393066
408 4897.815940253584 249 0.37065553665161133
409 4997.528147368179 249 0.37090539932250977
410 5197.528147368179 250 0.3711545467376709
411 5397.528147368179 251 0.37140917778015137
412 5597.528147368179 252 0.37168216705322266
413 5797.528147368179 253 0.3720097541809082
414 5997.528147368179 254 0.3722965717315674
415 6118.408478958948 254 0.3725922107696533
416 6318.408478958948 255 0.3728916645050049
417 6507.090012533679 255 0.3731977939605713
418 6707.090012533679 256 0.3735044002532959
419 6907.090012533679 257 0.3738222122192383
420 7107.090012533679 258 0.3741455078125
421 7195.806296110952 258 0.3744819164276123
422 7339.7265030008175 258 0.3748173713684082
423 7531.448788353382 258 0.3751523494720459
424 7658.173788896332 258 0.37548303604125977
425 7858.173788896332 259 0.37582921981811523
426 8058.173788896332 260 0.3761768341064453
427 8118.3124908085565 260 0.37653136253356934
428 8238.7477976836 260 0.37688565254211426
429 8438.7477976836 261 0.37723827362060547
430 8594.875110868235 261 0.37760138511657715
431 8794.875110868235 262 0.37796878814697266
432 8846.03451669725 262 0.3785247802734375
433 9046.03451669725 263 0.3789050579071045
434 9246.03451669725 264 0.37929344177246094
435 9446.03451669725 265 0.37973809242248535
436 9522.527476416719 265 0.3801450729370117
437 9645.125188796877 265 0.38089656829833984
438 9768.941551254888 265 0.38131093978881836
439 9968.941551254888 266 0.38171887397766113
440 10168.941551254888 267 0.38213682174682617
441 10172.941551254888 267 0.382565975189209
442 10372.941551254888 268 0.38298964500427246
443 10572.941551254888 269 0.3834230899810791
444 10772.941551254888 270 0.38389134407043457
445 10786.071487515857 270 0.3847343921661377
446 10845.10929031662 270 0.38539743423461914
447 11045.10929031662 271 0.3858957290649414
448 11078.350862528727 271 0.38638734817504883
449 11278.350862528727 272 0.38686513900756836
450 11326.93923882291 272 0.38739681243896484
451 11502.493022670176 272 0.38788938522338867
452 11600.647272793176 272 0.388505220413208
453 11659.399996146516 272 0.3892059326171875
454 11779.009843952495 272 0.3897225856781006
455 11869.670190007484 272 0.39021968841552734
456 11954.581851992552 272 0.39069056510925293
457 12154.581851992552 273 0.3911616802215576
458 12354.581851992552 274 0.39167308807373047
459 12419.091850992752 274 0.39219093322753906
460 12488.11321282901 274 0.3926973342895508
461 12688.11321282901 275 0.3932216167449951
462 12888.11321282901 276 0.3937563896179199
463 13083.611661348117 276 0.39431214332580566
464 13123.667493089699 276 0.39483642578125
465 13323.667493089699 277 0.3954195976257324
466 13368.048925672156 277 0.3959641456604004
467 3127.3609201105364 285 0.421705961227417
468 3205.8285717744616 285 0.4222378730773926
469 3405.8285717744616 286 0.4224674701690674
470 3605.8285717744616 287 0.42267298698425293
471 3705.8246032174775 287 0.42287278175354004
472 3905.8246032174775 288 0.42306995391845703
473 4105.8246032174775 289 0.4232757091522217
474 4141.72724935951 289 0.4234929084777832
475 4341.72724935951 290 0.4237213134765625
476 4541.72724935951 291 0.4239487648010254
477 4741.72724935951 292 0.42418551445007324
478 4941.72724935951 293 0.42443132400512695
479 5141.72724935951 294 0.4246857166290283
480 5197.124817658702 294 0.42494797706604004
481 5244.593238839744 294 0.42520928382873535
482 5301.565752694529 294 0.4254744052886963
483 5501.565752694529 295 0.425748348236084
484 5523.259164955055 295 0.42604660987854004
485 5592.098458752775 295 0.426318883895874
486 5677.70506312777 295 0.426593542098999
487 5725.22439554277 295 0.42686986923217773
488 5876.22439554277 295 0.42714595794677734
489 5995.414190342937 295 0.42741990089416504
490 6195.414190342937 296 0.4277007579803467
491 6297.621510071931 296 0.42798423767089844
492 6379.514803987332 296 0.428267240524292
493 6444.169456990063 296 0.42854952812194824
494 6522.62829630396 296 0.4288339614868164
495 6722.62829630396 297 0.42911410331726074
496 6922.62829630396 298 0.4294288158416748
497 6949.646948669481 298 0.42974328994750977
498 7051.686840478043 298 0.4300565719604492
499 7154.155041976264 298 0.4303772449493408
500 7354.155041976264 299 0.4306800365447998
501 7447.671966521888 299 0.43098974227905273
502 7598.342596784304 299 0.4313008785247803
503 7647.764741887975 299 0.4316115379333496
504 7847.764741887975 300 0.4319312572479248
505 7885.560246833661 300 0.4322524070739746
506 7940.642004249343 300 0.4325747489929199
507 7981.167414558382 300 0.43289804458618164
508 8044.448888230657 300 0.43323516845703125
509 8244.448888230658 301 0.43357038497924805
510 8444.448888230658 302 0.43395376205444336
511 8644.448888230658 303 0.4343230724334717
512 8741.909585201292 303 0.4346911907196045
513 8941.909585201292 304 0.4350471496582031
514 9141.909585201292 305 0.43541455268859863
515 9236.556244747157 305 0.43579745292663574
516 9362.815188742636 305 0.4361691474914551
517 9451.570344571408 305 0.43654441833496094
518 9651.570344571408 306 0.436920166015625
519 9728.391664153323 306 0.4374527931213379
520 9928.391664153323 307 0.4378485679626465
521 9985.311577527338 307 0.4382660388946533
522 10022.724332402935 307 0.43865966796875
523 10091.111648151264 307 0.43904972076416016
524 10291.111648151264 308 0.4394419193267822
525 10491.111648151264 309 0.4398515224456787
526 10691.111648151264 310 0.4402647018432617
527 10891.111648151264 311 0.4406912326812744
528 11091.111648151264 312 0.4411592483520508
529 11291.111648151264 313 0.44162678718566895
530 3515.095743540759 319 0.46767306327819824
531 3715.095743540759 320 0.468127965927124
532 3915.095743540759 321 0.46851253509521484
533 3967.7316283677487 321 0.4687669277191162
534 4167.731628367748 322 0.4690053462982178
535 4367.731628367748 323 0.4692506790161133
536 4467.931357196473 323 0.46950268745422363
537 4667.931357196473 324 0.4697587490081787
538 4867.931357196473 325 0.47002625465393066
539 5067.931357196473 326 0.4703035354614258
540 5158.954317290511 326 0.47058844566345215
541 5358.954317290511 327 0.4708733558654785
542 5392.779133813787 327 0.47116708755493164
543 5592.779133813787 328 0.4714632034301758
544 5747.116372377191 328 0.4718191623687744
545 5801.145966116804 328 0.4725019931793213
546 5865.451174385588 328 0.4732224941253662
547 5890.2010272615535 328 0.47364211082458496
548 5999.637558232484 328 0.47392892837524414
549 6199.637558232484 329 0.4742419719696045
550 6355.441074224196 329 0.47454404830932617
551 6437.0659542624735 329 0.47484707832336426
552 6459.915043297702 329 0.47515201568603516
553 6479.833872078866 329 0.47545623779296875
554 6679.833872078866 330 0.4757711887359619
555 6746.535431763738 330 0.47608399391174316
556 6836.942049205505 330 0.4763948917388916
557 6967.34539231011 330 0.47670578956604004
558 7167.34539231011 331 0.4770185947418213
559 7275.218389133206 331 0.47736477851867676
560 7435.410003536927 331 0.47770214080810547
561 7635.410003536927 332 0.4780423641204834
562 7835.410003536927 333 0.47840261459350586
563 7936.9935758720985 333 0.47875165939331055
564 8113.541158335308 333 0.47910547256469727
565 8217.566862775242 333 0.47945737838745117
566 8324.868171190668 333 0.4798274040222168
567 8386.479858393666 333 0.4801807403564453
568 8410.64335833007 333 0.4805328845977783
569 8610.64335833007 334 0.4808976650238037
570 8639.315975859998 334 0.4813408851623535
571 8690.1019964421 334 0.48173093795776367
572 8741.401720878814 334 0.48209381103515625
573 8941.401720878814 335 0.4824702739715576
574 9141.401720878814 336 0.48285865783691406
575 9241.296263884635 336 0.4832472801208496
576 9279.981643424897 336 0.483628511428833
577 9351.872960974595 336 0.4840209484100342
578 9409.933214150042 336 0.4844028949737549
579 9605.572532975097 336 0.48480916023254395
580 9624.132752753658 336 0.4851956367492676
581 9824.132752753658 337 0.4855811595916748
582 10024.132752753658 338 0.4859743118286133
583 10224.132752753658 339 0.48638153076171875
584 10418.518901906107 339 0.4868028163909912
585 10537.496934901608 339 0.48722171783447266
586 10607.730982304889 339 0.48763537406921387
587 10676.673797877167 339 0.4880704879760742
588 10819.843289859822 339 0.4885227680206299
589 10918.875939974465 339 0.48915815353393555
590 11047.213322016032 339 0.48963475227355957
591 11247.213322016032 340 0.4900517463684082
592 11293.573538367202 340 0.4904801845550537
593 11354.413159648611 340 0.4909040927886963
594 11386.001529266585 340 0.4913296699523926
595 11586.001529266585 341 0.4917628765106201
596 11786.001529266585 342 0.4922018051147461
597 11838.394276856303 342 0.492645263671875
598 11906.002410657897 342 0.4930882453918457
599 11953.25555864093 342 0.4935300350189209
600 12066.328922105633 342 0.4939749240875244
601 3020.312700546041 351 0.517258882522583
602 3085.880586163656 351 0.5174710750579834
603 3285.880586163656 352 0.5176560878753662
604 3485.880586163656 353 0.5178484916687012
605 3685.880586163656 354 0.5180854797363281
606 3734.1670727439164 354 0.5183107852935791
607 3855.4406168219366 354 0.5185141563415527
608 3887.544505130578 354 0.5187225341796875
609 3915.799796770593 354 0.5189268589019775
610 4028.508570041105 354 0.5191328525543213
611 4228.5085700411055 355 0.5193436145782471
612 4242.580535003379 355 0.5195567607879639
613 4442.580535003379 356 0.5198190212249756
614 4499.282287819953 356 0.5200469493865967
615 4574.037325600956 356 0.520270824432373
616 4774.037325600956 357 0.5204966068267822
617 4796.19392955887 357 0.5207328796386719
618 4995.5172416955675 357 0.5209691524505615
619 5034.3421519109215 357 0.5212204456329346
620 5234.3421519109215 358 0.5214700698852539
621 5303.182205128111 358 0.5217289924621582
622 5322.827246430509 358 0.5219869613647461
623 5522.827246430509 359 0.5222594738006592
624 5575.827246430509 359 0.5225169658660889
625 5706.844767305935 359 0.5227758884429932
626 5852.846302975042 359 0.5230343341827393
627 5987.221413332953 359 0.523292064666748
628 6187.221413332953 360 0.5235519409179688
629 6330.395592763655 360 0.5238292217254639
630 6383.948307588179 360 0.5240988731384277
631 6567.906821338312 360 0.5243682861328125
632 6767.906821338312 361 0.5246386528015137
633 6904.883043018015 361 0.5249190330505371
634 6986.80311853912 361 0.5251998901367188
635 7186.80311853912 362 0.5254826545715332
636 7266.154948473627 362 0.5257768630981445
637 7466.154948473627 363 0.5260734558105469
638 7567.300050475948 363 0.5263793468475342
639 7642.300050475948 363 0.5266823768615723
640 7731.981993542205 363 0.5270154476165771
641 7819.744559420416 363 0.5273196697235107
642 7884.39197516169 363 0.5276222229003906
643 7972.8210069328425 363 0.5279319286346436
