1 200 1 3.147125244140625e-05
2 400 2 0.0001609325408935547
3 600 3 0.00023412704467773438
4 800 4 0.0003056526184082031
5 1000 5 0.000377655029296875
6 1200 6 0.00046372413635253906
7 1400 7 0.000560760498046875
8 1600 8 0.0006716251373291016
9 1800 9 0.0008008480072021484
10 2000 10 0.0009884834289550781
11 2200 11 0.0011444091796875
12 2400 12 0.0013091564178466797
13 2600 13 0.0014889240264892578
14 2800 14 0.001684427261352539
15 3000 15 0.001905679702758789
16 3200 16 0.0021276473999023438
17 3400 17 0.002364635467529297
18 3600 18 0.0026144981384277344
19 3800 19 0.0028781890869140625
20 4000 20 0.0032012462615966797
21 4200 21 0.003511667251586914
22 4286.713814167884 21 0.0038230419158935547
23 4486.713814167884 22 0.00413966178894043
24 4686.713814167884 23 0.00465703010559082
25 4886.713814167884 24 0.005269050598144531
26 5086.713814167884 25 0.005908966064453125
27 5286.713814167884 26 0.0066297054290771484
28 5486.713814167884 27 0.007313251495361328
29 5686.713814167884 28 0.007856607437133789
30 5886.713814167884 29 0.008977651596069336
31 6086.713814167884 30 0.010300397872924805
32 6192.748555279986 30 0.010928869247436523
33 6392.748555279986 31 0.011380195617675781
34 6592.748555279986 32 0.011839628219604492
35 6792.748555279986 33 0.012314319610595703
36 6863.650655760475 33 0.012825489044189453
37 7063.650655760475 34 0.013312339782714844
38 7118.234927775986 34 0.013885736465454102
39 7173.823831749112 34 0.0143585205078125
40 7373.823831749112 35 0.014825105667114258
41 7573.823831749112 36 0.015337705612182617
42 7773.823831749112 37 0.0159454345703125
43 7973.823831749112 38 0.016459226608276367
44 8173.823831749112 39 0.016978979110717773
45 8235.261628891147 39 0.017513513565063477
46 8258.628105903003 39 0.01805877685546875
47 8458.628105903003 40 0.01859736442565918
48 8658.628105903003 41 0.019124269485473633
49 8740.925216343887 41 0.019654273986816406
50 8900.198300684193 41 0.020186185836791992
51 9100.198300684193 42 0.02072453498840332
52 9300.198300684193 43 0.021565675735473633
53 9500.198300684193 44 0.022586822509765625
54 9700.198300684193 45 0.02364206314086914
55 9900.198300684193 46 0.025078773498535156
56 10100.198300684193 47 0.026406526565551758
57 10300.198300684193 48 0.027048587799072266
58 10500.198300684193 49 0.027835369110107422
59 10700.198300684193 50 0.028460025787353516
60 10795.430785642873 50 0.029088497161865234
61 10995.430785642873 51 0.02971625328063965
62 11195.430785642873 52 0.030377626419067383
63 11395.430785642873 53 0.031032800674438477
64 11595.430785642873 54 0.03167414665222168
65 11754.311185872217 54 0.03232383728027344
66 11954.311185872217 55 0.03296923637390137
67 12154.311185872217 56 0.03390002250671387
68 12354.311185872217 57 0.03500986099243164
69 12554.311185872217 58 0.03571605682373047
70 12754.311185872217 59 0.03641033172607422
71 12954.311185872217 60 0.03711080551147461
72 13025.06712218765 60 0.037828922271728516
73 13225.06712218765 61 0.03854632377624512
74 13333.460065961659 61 0.03929305076599121
75 13381.967876555242 61 0.040051937103271484
76 13520.199566120262 61 0.04076981544494629
77 13720.199566120262 62 0.0414888858795166
78 13920.199566120262 63 0.04222559928894043
79 13992.171542126302 63 0.042969465255737305
80 14030.865172734982 63 0.04378390312194824
81 14230.865172734982 64 0.04455065727233887
82 14430.865172734982 65 0.045845746994018555
83 14630.865172734982 66 0.04726696014404297
84 14830.865172734982 67 0.04897904396057129
85 14968.355822034036 67 0.05004525184631348
86 14992.59548731081 67 0.051012516021728516
87 15192.59548731081 68 0.05182600021362305
88 15392.59548731081 69 0.05262112617492676
89 15592.59548731081 70 0.05343508720397949
90 15792.59548731081 71 0.05426383018493652
91 15803.812477876838 71 0.055088043212890625
92 15832.449395221483 71 0.05589103698730469
93 16032.449395221483 72 0.056731224060058594
94 16232.449395221483 73 0.057543277740478516
95 16432.449395221483 74 0.05837106704711914
96 16632.449395221483 75 0.05926394462585449
97 16832.449395221483 76 0.0601046085357666
98 17032.449395221483 77 0.061074018478393555
99 17232.449395221483 78 0.06266665458679199
100 17432.449395221483 79 0.06531047821044922
101 17632.449395221483 80 0.06650757789611816
102 17832.449395221483 81 0.06743574142456055
103 18032.449395221483 82 0.06851363182067871
104 18232.449395221483 83 0.06943535804748535
105 18432.449395221483 84 0.07060766220092773
106 18632.449395221483 85 0.07160258293151855
107 18832.449395221483 86 0.07261776924133301
108 19032.449395221483 87 0.0736236572265625
109 19056.45865130759 87 0.07464289665222168
110 19256.45865130759 88 0.07560873031616211
111 19277.201137389577 88 0.07675027847290039
112 19477.201137389577 89 0.07822918891906738
113 19519.447745327077 89 0.0800333023071289
114 19667.45340670595 89 0.08214950561523438
115 19719.97035099224 89 0.08315682411193848
116 19919.97035099224 90 0.08419227600097656
117 20119.97035099224 91 0.08519744873046875
118 20132.778115056284 91 0.08621430397033691
119 20332.778115056284 92 0.08724451065063477
120 20532.778115056284 93 0.08826708793640137
121 20732.778115056284 94 0.08934211730957031
122 20932.778115056284 95 0.09049773216247559
123 21132.778115056284 96 0.09156155586242676
124 21332.778115056284 97 0.09259271621704102
125 21532.778115056284 98 0.09366512298583984
126 21732.778115056284 99 0.0955812931060791
127 21932.778115056284 100 0.09793376922607422
128 21947.381849027144 100 0.09907388687133789
129 21972.481523342354 100 0.10031485557556152
130 22172.481523342354 101 0.10146594047546387
131 22372.481523342354 102 0.1026759147644043
132 22403.00905309273 102 0.10384750366210938
133 22603.00905309273 103 0.1049802303314209
134 22623.819302768636 103 0.10612249374389648
135 22823.819302768636 104 0.10725069046020508
136 22855.01707909862 104 0.10849261283874512
137 23055.01707909862 105 0.10964775085449219
138 23255.01707909862 106 0.11129426956176758
139 23455.01707909862 107 0.11345744132995605
140 23655.01707909862 108 0.11493992805480957
141 23672.38639597547 108 0.11610817909240723
142 23872.38639597547 109 0.11729693412780762
143 23893.297521282202 109 0.1185142993927002
144 24093.297521282202 110 0.11968755722045898
145 24293.297521282202 111 0.12082433700561523
146 24493.297521282202 112 0.12198138236999512
147 24693.297521282202 113 0.12319374084472656
148 24718.22863962373 113 0.12435603141784668
149 24800.232481642866 113 0.125563383102417
150 24823.884675370125 113 0.12715649604797363
151 25023.884675370125 114 0.12963438034057617
152 25223.884675370125 115 0.13095712661743164
153 25330.03471852604 115 0.13213753700256348
154 25530.03471852604 116 0.1333940029144287
155 25730.03471852604 117 0.13460969924926758
156 25930.03471852604 118 0.13583064079284668
157 26130.03471852604 119 0.13705849647521973
158 26330.03471852604 120 0.1383960247039795
159 26530.03471852604 121 0.13965702056884766
160 26730.03471852604 122 0.1409599781036377
161 26930.03471852604 123 0.1422133445739746
162 26946.600223220674 123 0.14415550231933594
163 27016.89383024077 123 0.1471083164215088
164 27216.89383024077 124 0.1488049030303955
165 27416.89383024077 125 0.1501924991607666
166 27616.89383024077 126 0.15211105346679688
167 27629.612177447005 126 0.15364623069763184
168 27667.259404277593 126 0.15504217147827148
169 27867.259404277593 127 0.15665364265441895
170 27911.095790674248 127 0.15812897682189941
171 27934.14465181748 127 0.16044044494628906
172 28134.14465181748 128 0.16326355934143066
173 28181.081439846203 128 0.1656017303466797
174 28214.170153842355 128 0.16719436645507812
175 28317.122363988114 128 0.16924762725830078
176 28341.381147511158 128 0.17076325416564941
177 28541.381147511158 129 0.17254281044006348
178 28741.381147511158 130 0.1741032600402832
179 28798.773246789944 130 0.17615532875061035
180 28868.069711346227 130 0.17954182624816895
181 28883.078573916097 130 0.18195104598999023
182 29083.078573916097 131 0.18353033065795898
183 29283.078573916097 132 0.1852097511291504
184 29335.803381119797 132 0.18678569793701172
185 29344.122211627593 132 0.1885216236114502
186 29384.91021672208 132 0.19017386436462402
187 29584.91021672208 133 0.19177770614624023
188 29784.91021672208 134 0.19344019889831543
189 29811.747080080862 134 0.19512009620666504
190 30011.747080080862 135 0.19768166542053223
191 30211.747080080862 136 0.19931626319885254
192 30279.949954034313 136 0.20093274116516113
193 30479.949954034313 137 0.20256304740905762
194 30497.058453352725 137 0.20416736602783203
195 30697.058453352725 138 0.20578837394714355
196 30897.058453352725 139 0.20754408836364746
197 30926.281344757397 139 0.20928096771240234
198 31126.281344757397 140 0.2111971378326416
199 31155.84908298952 140 0.21365118026733398
200 31355.84908298952 141 0.21546673774719238
201 31555.84908298952 142 0.217210054397583
202 31755.84908298952 143 0.2189171314239502
203 31955.84908298952 144 0.2208240032196045
204 32155.84908298952 145 0.2225339412689209
205 32355.84908298952 146 0.22458291053771973
206 32420.578510176172 146 0.22673702239990234
207 32432.989922346882 146 0.22946381568908691
208 32632.989922346882 147 0.23169851303100586
209 32701.39297161255 147 0.23355484008789062
210 32901.39297161255 148 0.2355365753173828
211 33101.39297161255 149 0.23763203620910645
212 33301.39297161255 150 0.2394413948059082
213 33501.39297161255 151 0.24135375022888184
214 33701.39297161255 152 0.24322152137756348
215 33772.22440414816 152 0.24587082862854004
216 33972.22440414816 153 0.24770212173461914
217 34172.22440414816 154 0.2495114803314209
218 34219.92546330339 154 0.25135135650634766
219 34294.020302091245 154 0.2531158924102783
220 34312.26651334248 154 0.2548656463623047
221 34359.5157194455 154 0.2566218376159668
222 34559.5157194455 155 0.25838637351989746
223 34573.79338200179 155 0.2601463794708252
224 34773.79338200179 156 0.2618532180786133
225 34799.61006573914 156 0.2635645866394043
226 34914.53895172396 156 0.2652878761291504
227 34960.813127772315 156 0.2670118808746338
228 35003.160796559496 156 0.26877498626708984
229 35055.45375305375 156 0.27051854133605957
230 35149.98544506997 156 0.27217817306518555
231 35172.48544506997 156 0.2738053798675537
232 35372.48544506997 157 0.2755134105682373
233 35572.48544506997 158 0.27738404273986816
234 35772.48544506997 159 0.2790191173553467
235 35972.48544506997 160 0.280714750289917
236 36172.48544506997 161 0.28255653381347656
237 36372.48544506997 162 0.28422975540161133
238 36572.48544506997 163 0.28583359718322754
239 36626.47970541033 163 0.28748583793640137
240 36826.47970541033 164 0.28914928436279297
241 36928.697907213704 164 0.2913517951965332
242 37128.697907213704 165 0.29390478134155273
243 37328.697907213704 166 0.2959468364715576
244 37474.98906694966 166 0.2979710102081299
245 37674.98906694966 167 0.29996466636657715
246 37874.98906694966 168 0.3018767833709717
247 38074.98906694966 169 0.30375051498413086
248 38274.98906694966 170 0.30593228340148926
249 38348.499287290906 170 0.30821728706359863
250 38377.795806420516 170 0.3109622001647949
251 38577.795806420516 171 0.31304073333740234
252 38705.795806420516 171 0.31513190269470215
253 38905.795806420516 172 0.3171067237854004
254 38940.52935382907 172 0.31936001777648926
255 38987.02935068297 172 0.3213207721710205
256 38989.02935068297 172 0.3232893943786621
257 38999.08127684651 172 0.3257021903991699
258 39038.64527558392 172 0.32770586013793945
259 39238.64527558392 173 0.3297455310821533
260 39263.64527558392 173 0.33168983459472656
261 39283.44374872129 173 0.3336207866668701
262 39309.075759957246 173 0.33562731742858887
263 39339.541401486415 173 0.33760571479797363
264 39353.97538261847 173 0.3395957946777344
265 39384.18101363806 173 0.34154272079467773
266 39437.94071018098 173 0.34359002113342285
267 39637.94071018098 174 0.3462047576904297
268 39837.94071018098 175 0.3493926525115967
269 39854.41878194869 175 0.3517279624938965
270 39874.866861267015 175 0.35379958152770996
271 39880.63886313968 175 0.3557596206665039
272 40080.63886313968 176 0.357741117477417
273 40117.2718295496 176 0.35985660552978516
274 40317.2718295496 177 0.3632979393005371
275 40517.2718295496 178 0.3663203716278076
276 40652.48915056679 178 0.36859750747680664
277 40731.53975106792 178 0.3707304000854492
278 40931.53975106792 179 0.3727741241455078
279 40972.133868149474 179 0.37491655349731445
280 40978.49304175259 179 0.37737107276916504
281 41178.49304175259 180 0.3797760009765625
282 41209.307462505225 180 0.38283324241638184
283 41409.307462505225 181 0.3849911689758301
284 41437.34379914769 181 0.3872499465942383
285 41466.682465811755 181 0.38955068588256836
286 41483.00702113209 181 0.39174962043762207
287 41683.00702113209 182 0.3939783573150635
288 41723.88945938042 182 0.3962702751159668
289 41923.88945938042 183 0.399158239364624
290 41932.13567063166 183 0.4013512134552002
291 42132.13567063166 184 0.4035935401916504
292 42227.251376234795 184 0.40586042404174805
293 42268.68736564903 184 0.408062219619751
294 42371.91034658118 184 0.4102659225463867
295 42391.09866584946 184 0.41292285919189453
296 42438.54074112463 184 0.4155435562133789
297 42463.1155137293 184 0.4177229404449463
298 42663.1155137293 185 0.41985511779785156
299 42741.36726203354 185 0.42199230194091797
300 42941.36726203354 186 0.4241650104522705
301 42970.13501419502 186 0.42625927925109863
302 43170.13501419502 187 0.4285736083984375
303 43185.15976882509 187 0.4307889938354492
304 43217.80435074645 187 0.4328765869140625
305 43417.80435074645 188 0.4355509281158447
306 43440.61059922132 188 0.4378800392150879
307 43471.06131165349 188 0.44011831283569336
308 43491.05399154267 188 0.44295525550842285
309 43691.05399154267 189 0.44510984420776367
310 43739.62316810247 189 0.4474773406982422
311 43939.62316810247 190 0.44968557357788086
312 44006.68672915504 190 0.4517860412597656
313 44021.89497307451 190 0.4540293216705322
314 44221.89497307451 191 0.456484317779541
315 44235.88673332792 191 0.4593226909637451
316 44276.29977895302 191 0.46167802810668945
317 44296.69585700739 191 0.46387290954589844
318 44324.85611268805 191 0.46605348587036133
319 44361.685441982954 191 0.4682025909423828
320 44405.0119182455 191 0.47036194801330566
321 44605.0119182455 192 0.4725010395050049
322 44680.11243696083 192 0.475156307220459
323 44789.75296274419 192 0.4774501323699951
324 44989.75296274419 193 0.4796483516693115
325 45189.75296274419 194 0.48183345794677734
326 45389.75296274419 195 0.4839804172515869
327 45589.75296274419 196 0.48630237579345703
328 45665.423016366665 196 0.4885084629058838
329 45762.50559568919 196 0.49090123176574707
330 45778.85368424888 196 0.4935007095336914
331 45801.61412797816 196 0.49573516845703125
332 46001.61412797816 197 0.4979069232940674
333 46017.138302674415 197 0.5000860691070557
334 46217.138302674415 198 0.5021712779998779
335 46417.138302674415 199 0.5042777061462402
336 46500.22935646783 199 0.5064747333526611
337 46700.22935646783 200 0.5091643333435059
338 46900.22935646783 201 0.5113611221313477
339 47100.22935646783 202 0.5135138034820557
340 47300.22935646783 203 0.5157210826873779
341 47500.22935646783 204 0.5177831649780273
342 47673.05418437061 204 0.5198960304260254
343 47679.869872399795 204 0.5219526290893555
344 47722.66333865334 204 0.5240218639373779
345 47922.66333865334 205 0.526139497756958
346 47976.70036299777 205 0.5282378196716309
347 48176.70036299777 206 0.5308442115783691
348 48376.70036299777 207 0.5330467224121094
349 48404.70961908388 207 0.5351965427398682
350 48604.70961908388 208 0.5372776985168457
351 48804.70961908388 209 0.5393316745758057
352 48834.16160446454 209 0.5414121150970459
353 49034.16160446454 210 0.5434424877166748
354 49100.870536253446 210 0.545569896697998
355 49117.70313273 210 0.547649621963501
356 49317.70313273 211 0.5497093200683594
357 49517.70313273 212 0.5518290996551514
358 49540.875750259926 212 0.5539135932922363
359 49740.875750259926 213 0.5563108921051025
360 49786.44008183125 213 0.5583956241607666
361 49986.44008183125 214 0.5605216026306152
362 50030.94008183125 214 0.562793493270874
363 50043.59316704098 214 0.5649118423461914
364 50108.59586850491 214 0.5670909881591797
365 50200.07818587686 214 0.5691766738891602
366 50400.07818587686 215 0.5712795257568359
367 50556.825685295626 215 0.5734851360321045
368 50756.825685295626 216 0.5756123065948486
369 50956.825685295626 217 0.5779614448547363
370 51006.465008800886 217 0.5801024436950684
371 51043.71374614241 217 0.5823242664337158
372 51061.04493052313 217 0.5847125053405762
373 51088.08652510192 217 0.5868308544158936
374 51196.148813866545 217 0.5891602039337158
375 51396.148813866545 218 0.5912840366363525
376 51596.148813866545 219 0.5934906005859375
377 51706.64050255908 219 0.5956559181213379
378 51724.34612210557 219 0.59781813621521
379 51762.26947975209 219 0.5999674797058105
380 51789.02389669879 219 0.6021370887756348
381 51989.02389669879 220 0.604393720626831
382 52189.02389669879 221 0.6065516471862793
383 52218.24285035456 221 0.6087331771850586
384 52250.74294149501 221 0.6108994483947754
385 52343.24492849713 221 0.6130433082580566
386 52363.06158232352 221 0.6152138710021973
387 52563.06158232352 222 0.6173548698425293
388 52763.06158232352 223 0.619509220123291
389 52803.60196929678 223 0.6216857433319092
390 53003.60196929678 224 0.623877763748169
391 53042.167166339364 224 0.6261341571807861
392 53088.579030490364 224 0.6283385753631592
393 53117.13262463203 224 0.6305265426635742
394 53145.63262463203 224 0.6327254772186279
395 53345.63262463203 225 0.6349740028381348
396 53478.68088343146 225 0.6371793746948242
397 53497.43853410359 225 0.6393768787384033
398 53697.43853410359 226 0.6416699886322021
399 53713.717354699686 226 0.6439299583435059
400 53750.63159883233 226 0.6462812423706055
401 53783.26929631964 226 0.6485319137573242
402 53803.26929631964 226 0.6507952213287354
403 54003.26929631964 227 0.6535394191741943
404 54203.26929631964 228 0.6557857990264893
405 54403.26929631964 229 0.6580283641815186
406 54511.76077772271 229 0.6602845191955566
407 54711.76077772271 230 0.6625204086303711
408 54911.76077772271 231 0.6647794246673584
409 54987.26245632398 231 0.6670386791229248
410 55006.099259231356 231 0.6693100929260254
411 55206.099259231356 232 0.6715817451477051
412 55216.099259231356 232 0.6738431453704834
413 55291.998252666206 232 0.6762831211090088
414 55317.2920180711 232 0.6790456771850586
415 55351.57443636456 232 0.6824560165405273
416 55551.57443636456 233 0.6847870349884033
417 55597.07997236952 233 0.6870803833007812
418 55797.07997236952 234 0.6893603801727295
419 55827.73100000137 234 0.6916930675506592
420 55863.40358383806 234 0.6940014362335205
421 55912.148138327415 234 0.6962990760803223
422 55953.2435762683 234 0.6985976696014404
423 55990.000094509356 234 0.7008776664733887
424 56023.77314244708 234 0.7031733989715576
425 56100.039483692824 234 0.7054452896118164
426 56300.039483692824 235 0.7077553272247314
427 56500.039483692824 236 0.7100608348846436
428 56700.039483692824 237 0.7123994827270508
429 56900.039483692824 238 0.7147355079650879
430 57100.039483692824 239 0.7170710563659668
431 57300.039483692824 240 0.7194323539733887
432 57341.019847952884 240 0.7217974662780762
433 57541.019847952884 241 0.7241594791412354
434 57583.818163331285 241 0.7265160083770752
435 57783.818163331285 242 0.7288632392883301
436 57811.36136709835 242 0.7312312126159668
437 57958.91032016905 242 0.7335901260375977
438 58031.918180478024 242 0.7359519004821777
439 58062.929052380576 242 0.7383029460906982
440 58130.59576872991 242 0.7406725883483887
441 58330.59576872991 243 0.7430369853973389
442 58403.011422387586 243 0.745398998260498
443 58462.84731278248 243 0.74782395362854
444 58662.84731278248 244 0.7501983642578125
445 58862.84731278248 245 0.752636194229126
446 58922.9860146947 245 0.755037784576416
447 59043.421321569745 245 0.7578854560852051
448 59165.84882235761 245 0.7603232860565186
449 59365.84882235761 246 0.7628240585327148
450 59565.84882235761 247 0.7652616500854492
451 59617.00822818663 247 0.7677526473999023
452 59687.35348243829 247 0.7702007293701172
453 59785.529505400715 247 0.773033857345581
454 59843.67191177219 247 0.7755143642425537
455 60043.67191177219 248 0.7784664630889893
456 60105.57004096437 248 0.7822535037994385
457 60229.38640342238 248 0.7847573757171631
458 60429.38640342238 249 0.7872822284698486
459 60629.38640342238 250 0.7897741794586182
460 60829.38640342238 251 0.7922811508178711
461 60875.106438068375 251 0.7947597503662109
462 61075.106438068375 252 0.7972273826599121
463 61275.106438068375 253 0.7997102737426758
464 61293.03835268409 253 0.8022246360778809
465 61354.53242187048 253 0.8048622608184814
466 61394.84371061197 253 0.8073751926422119
467 61439.55578953705 253 0.8099608421325684
468 61639.55578953705 254 0.8124480247497559
469 61726.58827442043 254 0.8152189254760742
470 61773.58827442043 254 0.8177211284637451
471 61794.25378604862 254 0.8202629089355469
472 61851.06541846282 254 0.8227694034576416
473 62051.06541846282 255 0.8252718448638916
474 62251.06541846282 256 0.8277974128723145
475 62451.06541846282 257 0.8303229808807373
476 62651.06541846282 258 0.8328502178192139
477 62851.06541846282 259 0.8354339599609375
478 62915.57541746302 259 0.8379809856414795
479 63115.57541746302 260 0.8405232429504395
480 63247.0571269046 260 0.8430473804473877
481 63447.0571269046 261 0.8455793857574463
482 63647.0571269046 262 0.8481707572937012
483 63718.80457365038 262 0.8507392406463623
484 63918.80457365038 263 0.8532843589782715
485 63966.69691469459 263 0.8558568954467773
486 64009.71627530205 263 0.8584706783294678
487 64108.08014120949 263 0.8610436916351318
488 64127.148543468575 263 0.863621711730957
489 64327.148543468575 264 0.8661792278289795
490 64394.97275237746 264 0.8687632083892822
491 64423.162372477884 264 0.8713386058807373
492 64447.355634863176 264 0.8739221096038818
493 64483.258281005204 264 0.8765020370483398
494 64683.258281005204 265 0.8790733814239502
495 64730.044813658205 265 0.8816626071929932
496 64930.044813658205 266 0.8842682838439941
497 65079.627096822514 266 0.886854887008667
498 65146.53056231466 266 0.8894789218902588
499 65196.257297685406 266 0.8920891284942627
500 65396.257297685406 267 0.8947715759277344
501 65596.2572976854 268 0.8974273204803467
502 65796.2572976854 269 0.9004876613616943
503 65830.45118683403 269 0.9031238555908203
504 65886.44782617324 269 0.9057536125183105
505 65930.71273131906 269 0.9083783626556396
506 65970.15776330218 269 0.9109904766082764
507 65991.28683939329 269 0.9136185646057129
508 66056.80469400609 269 0.9162304401397705
509 66089.11103122462 269 0.9188253879547119
510 66178.14862976462 269 0.9214386940002441
511 66272.96671965817 269 0.9240565299987793
512 66344.16055920548 269 0.9266927242279053
513 66399.09535826826 269 0.9292905330657959
514 66599.09535826826 270 0.9318923950195312
515 66799.09535826826 271 0.9345126152038574
516 66829.05856316643 271 0.9372200965881348
517 66881.77920430432 271 0.9398787021636963
518 66925.1794540422 271 0.942514181137085
519 67125.1794540422 272 0.9451360702514648
520 67188.46465075643 272 0.9477858543395996
521 67218.14343063177 272 0.9504389762878418
522 67261.4334776213 272 0.9531428813934326
523 67461.4334776213 273 0.9557993412017822
524 67511.17386114229 273 0.9584720134735107
525 67525.38723505563 273 0.9612021446228027
526 67566.61587709475 273 0.963951826095581
527 67578.61587709475 273 0.9667046070098877
528 67629.87543098333 273 0.9693984985351562
529 67829.87543098333 274 0.9723155498504639
530 67949.64015776957 274 0.974999189376831
531 68149.64015776957 275 0.9778251647949219
532 68249.84244753318 275 0.9810819625854492
533 68449.84244753318 276 0.9849436283111572
534 68517.51745112619 276 0.9877228736877441
535 68598.63571721017 276 0.9904415607452393
536 68648.8882005722 276 0.9931855201721191
537 68848.8882005722 277 0.995861291885376
538 68925.70952015411 277 0.9986293315887451
539 69125.70952015411 278 1.0013980865478516
540 69206.27330053835 278 1.0041143894195557
541 69406.27330053835 279 1.006833553314209
542 69454.454992441 279 1.0099918842315674
543 69517.90787319095 279 1.0127825736999512
544 69717.90787319095 280 1.0158212184906006
545 69829.6034152325 280 1.018617868423462
546 70029.6034152325 281 1.021348476409912
547 70229.6034152325 282 1.0241074562072754
548 70281.91712377506 282 1.0268938541412354
549 70481.91712377506 283 1.0296509265899658
550 70549.3460059941 283 1.032423496246338
551 70749.3460059941 284 1.03521728515625
552 70779.3250306185 284 1.038010835647583
553 70979.3250306185 285 1.040797472000122
554 71013.19376525666 285 1.0435843467712402
555 71069.98070812997 285 1.0463733673095703
556 71092.77510302317 285 1.0491321086883545
557 71192.55888427408 285 1.0519130229949951
558 71280.69707888285 285 1.0546696186065674
559 71349.68159672411 285 1.057440996170044
560 71370.18159672411 285 1.0602259635925293
561 71393.56397689838 285 1.0629804134368896
562 71593.56397689838 286 1.0657384395599365
563 71793.56397689838 287 1.0685057640075684
564 71800.16952817385 287 1.0713200569152832
565 71839.20033708906 287 1.0741245746612549
566 71863.95018996502 287 1.0771746635437012
567 71903.95473504397 287 1.0814576148986816
568 72103.95473504397 288 1.0844998359680176
569 72303.95473504397 289 1.087303876876831
570 72347.68723965606 289 1.0901494026184082
571 72374.32123753839 289 1.0929362773895264
572 72574.32123753839 290 1.0957415103912354
573 72774.32123753839 291 1.0985963344573975
574 72883.85873150665 291 1.1014363765716553
575 72974.26534894842 291 1.1042718887329102
576 73174.26534894842 292 1.107163429260254
577 73374.26534894842 293 1.1100146770477295
578 73482.13834577151 293 1.1128363609313965
579 73682.13834577151 294 1.1156880855560303
580 73882.13834577151 295 1.1185400485992432
581 74082.13834577151 296 1.1214478015899658
582 74107.48149771571 296 1.1243529319763184
583 74307.48149771571 297 1.1273024082183838
584 74332.05627032038 297 1.1302030086517334
585 74532.05627032038 298 1.1330819129943848
586 74557.55148894624 298 1.135974407196045
587 74591.49433624138 298 1.1388509273529053
588 74665.99433624138 298 1.1417362689971924
589 74678.99433624138 298 1.144613265991211
590 74735.79699621497 298 1.147496223449707
591 74776.04621980996 298 1.1503758430480957
592 74976.04621980996 299 1.1532528400421143
593 75014.70186418071 299 1.1561548709869385
594 75101.73302159777 299 1.159111738204956
595 75122.34854972587 299 1.1620264053344727
596 75322.34854972587 300 1.1649327278137207
597 75380.40880290131 300 1.1679809093475342
598 75580.40880290131 301 1.170945167541504
599 75611.25355535223 301 1.1739401817321777
600 75811.25355535223 302 1.1772284507751465
601 76011.25355535223 303 1.180199384689331
602 76211.25355535223 304 1.1833369731903076
603 76310.89585286641 304 1.1863391399383545
604 76332.82271330828 304 1.1896185874938965
605 76532.82271330828 305 1.1926610469818115
606 76562.82271330828 305 1.195629596710205
607 76762.82271330828 306 1.1986398696899414
608 76824.73848200886 306 1.2016096115112305
609 76854.01824104863 306 1.2046992778778076
610 76871.61478175204 306 1.2076747417449951
611 76930.70981320512 306 1.2108604907989502
612 76960.80675422928 306 1.2138917446136475
613 76975.41025994581 306 1.2168924808502197
614 77175.41025994581 307 1.2198894023895264
615 77375.41025994581 308 1.222890853881836
616 77465.6273826483 308 1.2259109020233154
617 77498.68686852556 308 1.2289295196533203
618 77541.44014151055 308 1.231949806213379
619 77741.44014151055 309 1.2349867820739746
620 77813.50093035346 309 1.2380366325378418
621 77851.73900914127 309 1.2410764694213867
622 78051.73900914127 310 1.2441258430480957
623 78251.73900914127 311 1.2471866607666016
624 78336.81363550894 311 1.250213384628296
625 78370.21216357064 311 1.2532622814178467
626 78408.17788351444 311 1.2563059329986572
627 78440.28177182308 311 1.2593657970428467
628 78480.69481744818 311 1.2624218463897705
629 78593.40359071869 311 1.2654600143432617
630 78793.40359071869 312 1.2684953212738037
631 78824.14686931703 312 1.2715420722961426
632 79024.14686931703 313 1.2745728492736816
633 79080.8486221336 313 1.2776176929473877
634 79127.01763335276 313 1.2806720733642578
635 79239.51533262117 313 1.2837295532226562
636 79271.3072547071 313 1.2867844104766846
637 79374.57101291927 313 1.289849042892456
638 79574.57101291927 314 1.2929131984710693
639 79774.57101291927 315 1.2959833145141602
640 79843.41106613647 315 1.299055814743042
641 79862.39461035798 315 1.3021361827850342
642 79974.8418825848 315 1.3052051067352295
643 80018.95205134341 315 1.308300256729126
644 80112.47637639084 315 1.3114111423492432
645 80162.62524558678 315 1.3144831657409668
646 80336.11770362502 315 1.3175623416900635
647 80480.64861045382 315 1.3206465244293213
648 80680.64861045382 316 1.323735237121582
649 80880.64861045382 317 1.3268165588378906
650 80919.04916964949 317 1.3298959732055664
651 80992.78555820312 317 1.332988977432251
652 81126.21002385575 317 1.3360862731933594
653 81326.21002385575 318 1.3391766548156738
654 81438.97177467788 318 1.3422431945800781
655 81638.97177467788 319 1.3453238010406494
656 81838.97177467788 320 1.3484108448028564
657 82038.97177467788 321 1.351515531539917
658 82077.27589812144 321 1.3546411991119385
659 82169.31493132345 321 1.357729434967041
660 82237.81358173421 321 1.3608553409576416
661 82437.81358173421 322 1.3640046119689941
662 82496.06597698155 322 1.3671116828918457
663 82583.12984980756 322 1.370246410369873
