1 1887.7008201693536 9 0.0048749446868896484
2 2087.7008201693534 10 0.005553722381591797
3 2287.7008201693534 11 0.005907773971557617
4 2480.4511714929754 11 0.0062673091888427734
5 2680.4511714929754 12 0.006646633148193359
6 2880.4511714929754 13 0.007035732269287109
7 2954.345861975899 13 0.0074465274810791016
8 3154.345861975899 14 0.007861137390136719
9 3266.645041806545 15 0.00828099250793457
10 3466.645041806545 16 0.00872945785522461
11 3622.7084097063425 16 0.00919795036315918
12 3822.7084097063425 17 0.009668827056884766
13 3940.674260462411 17 0.010163545608520508
14 3947.923909138789 18 0.010680675506591797
15 4147.923909138789 19 0.0111846923828125
16 4347.923909138789 20 0.01171565055847168
17 4474.029218655865 21 0.012269020080566406
18 4664.696663921426 21 0.012851238250732422
19 4864.696663921426 22 0.013410329818725586
20 5064.696663921426 23 0.013991832733154297
21 5108.633296021629 24 0.014606237411499023
22 5270.504387291451 24 0.015236377716064453
23 5258.573277647485 24 0.015863656997680664
24 5458.573277647485 25 0.016469955444335938
25 5652.702421005008 25 0.01710033416748047
26 5852.702421005008 26 0.017720460891723633
27 5923.604521485497 26 0.018419981002807617
28 5932.937076219936 27 0.01906585693359375
29 5987.521348235447 27 0.01973104476928711
30 6043.110252208573 27 0.020424365997314453
31 6243.110252208573 28 0.021314620971679688
32 6251.70910170645 28 0.02200913429260254
33 6345.674360594348 29 0.02449798583984375
34 6545.674360594348 30 0.026520252227783203
35 6551.545217236826 31 0.02737903594970703
36 6612.98301437886 31 0.028160572052001953
37 6565.447390910226 31 0.029085636138916016
38 6637.700050510466 31 0.02983379364013672
39 1709.7496161403146 37 0.03939032554626465
40 1798.1809455158707 37 0.039632558822631836
41 1949.86912651759 38 0.03985595703125
42 2149.8691265175903 39 0.040097951889038086
43 2349.8691265175903 40 0.04035758972167969
44 2549.8691265175903 41 0.04064202308654785
45 2688.4313293755563 42 0.040949106216430664
46 2852.0891361669164 42 0.04127311706542969
47 3052.0891361669164 43 0.04159975051879883
48 3252.0891361669164 44 0.04194784164428711
49 3452.0891361669164 45 0.042334794998168945
50 3420.937139653677 45 0.04272794723510742
51 3620.937139653677 46 0.0431210994720459
52 3820.937139653677 47 0.04353475570678711
53 4020.937139653677 48 0.04397320747375488
54 4220.937139653677 49 0.04443097114562988
55 4420.937139653677 50 0.04490995407104492
56 4457.279332862317 51 0.04541468620300293
57 4457.279332862317 51 0.04593467712402344
58 4657.279332862317 52 0.04647350311279297
59 4857.279332862317 53 0.04701399803161621
60 5000.0 54 0.04757356643676758
61 5200.0 55 0.048157453536987305
62 5297.5 55 0.050826072692871094
63 5368.255936315433 55 0.05144214630126953
64 5544.323037634238 55 0.052031517028808594
65 5744.323037634238 56 0.05263495445251465
66 5792.83084822782 56 0.05325794219970703
67 5915.353201888908 56 0.05386805534362793
68 6037.8755555499965 56 0.054488420486450195
69 6237.8755555499965 57 0.055100202560424805
70 6309.847531556037 57 0.05572962760925293
71 6348.541162164717 57 0.05676984786987305
72 6363.290839166762 57 0.05840635299682617
73 6492.534902851329 58 0.05908036231994629
74 1379.5892920223228 61 0.06615757942199707
75 1579.5892920223228 62 0.06638026237487793
76 1707.5662732025187 62 0.06657838821411133
77 1731.805938479291 62 0.0667719841003418
78 1774.554508353441 62 0.06696462631225586
79 1974.554508353441 63 0.06715726852416992
80 2059.5019570478407 63 0.06737112998962402
81 2074.9461118175295 63 0.06758308410644531
82 1973.913425381513 63 0.06779623031616211
83 2002.5503427261585 63 0.0680093765258789
84 2202.5503427261583 64 0.06822443008422852
85 2402.5503427261583 65 0.06845903396606445
86 2474.5733615459626 66 0.06871747970581055
87 2650.3336962691906 67 0.0689992904663086
88 2807.5851263950403 68 0.06930232048034668
89 3005.2958637210704 68 0.06963753700256348
90 3092.262747046832 69 0.0699770450592041
91 3237.5646452367037 70 0.07047915458679199
92 3426.347654670675 71 0.07105827331542969
93 3597.7107373260296 72 0.07151627540588379
94 3797.7107373260296 73 0.07534289360046387
95 3997.7107373260296 74 0.0758364200592041
96 4197.71073732603 75 0.07629561424255371
97 4397.71073732603 76 0.07677078247070312
98 4597.71073732603 77 0.07726597785949707
99 4600.0 78 0.07807469367980957
100 4624.009256086107 78 0.07863211631774902
101 4708.105529957693 78 0.07917094230651855
102 1824.0092560861062 81 0.08674192428588867
103 2024.0092560861062 82 0.0870218276977539
104 2224.0092560861062 83 0.08729910850524902
105 2394.021035055157 83 0.08759093284606934
106 2594.021035055157 84 0.08787751197814941
107 2794.021035055157 85 0.08818197250366211
108 2994.021035055157 86 0.08857321739196777
109 3012.534057041221 86 0.08924269676208496
110 3212.534057041221 87 0.0896763801574707
111 3412.534057041221 88 0.09004855155944824
112 3612.534057041221 89 0.09045124053955078
113 3812.534057041221 90 0.0908665657043457
114 3983.707123111054 90 0.0913383960723877
115 4013.6953441420033 91 0.09178471565246582
116 4213.695344142003 92 0.09225082397460938
117 4413.695344142003 93 0.09273529052734375
118 4613.695344142003 94 0.09323906898498535
119 4676.568384926004 94 0.09376192092895508
120 4701.668059241215 94 0.09428930282592773
121 4901.668059241215 95 0.09482145309448242
122 5101.668059241215 96 0.09536910057067871
123 5251.829599887034 96 0.09593892097473145
124 5280.656533817201 97 0.09651017189025879
125 5322.856347603338 97 0.09709620475769043
126 5522.856347603338 98 0.09769225120544434
127 5544.412449135402 98 0.09859561920166016
128 5744.412449135402 99 0.09922313690185547
129 5670.971158434167 99 0.09986066818237305
130 5845.871484118956 100 0.10049700736999512
131 5934.250241905706 100 0.10115242004394531
132 5988.6761453115505 100 0.10185480117797852
133 6038.514604665731 101 0.1025240421295166
134 6238.514604665731 102 0.10319042205810547
135 6396.3147908795945 103 0.10386848449707031
136 6596.3147908795945 104 0.10454535484313965
137 6774.75868934753 105 0.10556697845458984
138 6974.75868934753 106 0.10643959045410156
139 1679.7650512853684 107 0.11765694618225098
140 1769.689996957197 107 0.11789488792419434
141 1930.7975529677474 108 0.11810445785522461
142 2130.7975529677474 109 0.1183464527130127
143 2330.7975529677474 110 0.1186068058013916
144 2530.7975529677474 111 0.11887955665588379
145 2730.7975529677474 112 0.11917352676391602
146 2930.7975529677474 113 0.11948800086975098
147 3130.7975529677474 114 0.11982417106628418
148 3330.7975529677474 115 0.12018752098083496
149 3489.924945671829 116 0.12056899070739746
150 3600.0000000000005 117 0.12096810340881348
151 3800.0000000000005 118 0.12138748168945312
152 3845.7680189303255 118 0.12200617790222168
153 4045.7680189303255 119 0.12282347679138184
154 4245.7680189303255 120 0.12338852882385254
155 4445.7680189303255 121 0.1238715648651123
156 4645.7680189303255 122 0.12437176704406738
157 4845.7680189303255 123 0.1248922348022461
158 4895.138822900535 123 0.12543320655822754
159 4990.815163937774 123 0.1259758472442627
160 5190.815163937774 124 0.12665486335754395
161 5249.257654658266 124 0.12728381156921387
162 5403.48963572794 125 0.12788677215576172
163 5543.314092408148 125 0.12847399711608887
164 5743.314092408148 126 0.1290581226348877
165 5799.117216911856 126 0.12966489791870117
166 5905.763943993456 126 0.1302652359008789
167 5955.704260732044 126 0.130875825881958
168 6106.333456761834 127 0.13148260116577148
169 6047.689709024259 127 0.13210439682006836
170 6079.958296960489 127 0.13273286819458008
171 6090.812270796278 127 0.13335967063903809
172 6150.123040828065 127 0.13398480415344238
173 1835.4513230710163 134 0.14403748512268066
174 2035.4513230710163 135 0.14432239532470703
175 2235.4513230710163 136 0.14458990097045898
176 2265.2416115329384 136 0.14487862586975098
177 2335.6938830399613 136 0.14516186714172363
178 2535.6938830399613 137 0.1454465389251709
179 2581.078761138122 137 0.1457517147064209
180 2712.568123272452 137 0.1460583209991455
181 2912.568123272452 138 0.14638137817382812
182 3099.7311079069937 138 0.14670848846435547
183 3176.2141798144135 138 0.1470348834991455
184 3376.2141798144135 139 0.14773225784301758
185 3576.2141798144135 140 0.14808440208435059
186 3746.4238913524914 141 0.1484529972076416
187 3875.9716198454685 142 0.14883971214294434
188 4075.9716198454685 143 0.14925146102905273
189 4057.5720358626945 143 0.14969706535339355
190 3975.5826737283646 143 0.15014410018920898
191 4110.183285076222 143 0.15061712265014648
192 4123.02030044168 144 0.15105748176574707
193 4246.53722853426 145 0.1515185832977295
194 4446.53722853426 146 0.15201616287231445
195 4646.53722853426 147 0.15251803398132324
196 4846.53722853426 148 0.15303444862365723
197 4911.266655720912 148 0.1535811424255371
198 4979.776082483368 148 0.15413141250610352
199 5117.339465296965 149 0.1546938419342041
200 5169.339465296965 149 0.15532827377319336
201 5128.314435969837 149 0.1564650535583496
202 5328.314435969837 150 0.15738224983215332
203 5528.314435969837 151 0.1579759120941162
204 5728.314435969837 152 0.15858983993530273
205 5928.314435969837 153 0.15922331809997559
206 6038.695792876905 153 0.15989017486572266
207 6071.781285295697 153 0.1605854034423828
208 6203.271858533241 154 0.16124796867370605
209 6282.764844455004 154 0.16192221641540527
210 2000 159 0.17215251922607422
211 2200.0 160 0.17288994789123535
212 2400.0 161 0.1734941005706787
213 2600.0 162 0.17393779754638672
214 2800.0 163 0.17427682876586914
215 3000.0 164 0.17464470863342285
216 3031.1512566567544 164 0.17502260208129883
217 3144.661391329225 164 0.1753983497619629
218 3317.9444290328543 164 0.17577219009399414
219 3517.9444290328543 165 0.1761622428894043
220 3618.3431262936983 165 0.1765732765197754
221 3726.77487053205 165 0.17698025703430176
222 3926.77487053205 166 0.17752337455749512
223 4126.77487053205 167 0.17796111106872559
224 4326.77487053205 168 0.17842411994934082
225 4421.502091179126 168 0.17889690399169922
226 4459.001247486389 168 0.1793670654296875
227 4545.491112813918 169 0.1798384189605713
228 4572.208075110289 170 0.18033313751220703
229 4772.208075110289 171 0.1808466911315918
230 4871.809377849446 172 0.1813821792602539
231 4963.377633611094 173 0.18194127082824707
232 5065.595835414466 173 0.18253469467163086
233 5193.41105895018 173 0.18310976028442383
234 5393.41105895018 174 0.18368005752563477
235 5457.268059812571 174 0.18428993225097656
236 5588.617646848554 175 0.18490958213806152
237 5788.617646848554 176 0.18553590774536133
238 5988.617646848554 177 0.1861863136291504
239 6188.617646848554 178 0.18688058853149414
240 6302.330104150925 178 0.1875629425048828
241 6350.620232469413 178 0.18825411796569824
242 6448.402030666041 179 0.1891646385192871
243 6520.5868071303275 180 0.1907215118408203
244 6591.703028970701 180 0.19158291816711426
245 6633.118807461234 181 0.19235944747924805
246 6687.249435158625 181 0.1931169033050537
247 6754.344924772041 181 0.19387435913085938
248 6827.606527932308 181 0.19463825225830078
249 6896.975676516916 181 0.19539308547973633
250 6790.563782294291 181 0.1961510181427002
251 1399.0237107346122 184 0.20400333404541016
252 1419.832362781297 184 0.20430421829223633
253 1433.9773830598938 184 0.2045001983642578
254 1579.7986942127793 185 0.20467329025268555
255 1779.7986942127793 186 0.20487022399902344
256 1802.4247986694804 186 0.20508599281311035
257 2002.4247986694804 187 0.20530247688293457
258 2159.3200493108266 188 0.20554232597351074
259 2359.3200493108266 189 0.20586848258972168
260 2505.753606912872 190 0.2063448429107666
261 2481.4281899737975 190 0.2068037986755371
262 2464.6195379271126 190 0.20716309547424316
263 2650.4745176485158 191 0.20748090744018555
264 2850.4745176485158 192 0.20783710479736328
265 3050.4745176485158 193 0.20821738243103027
266 3227.8484131918144 194 0.20861530303955078
267 3427.8484131918144 195 0.20901918411254883
268 3627.8484131918144 196 0.2094407081604004
269 3827.8484131918144 197 0.20989012718200684
270 3919.3587872908847 197 0.21069812774658203
271 3900.6334797246877 197 0.21117830276489258
272 4055.039335645055 197 0.21164846420288086
273 4079.182578935185 197 0.21211528778076172
274 4279.182578935185 198 0.21259713172912598
275 4302.902238505241 198 0.21309661865234375
276 4349.758759914481 198 0.21359944343566895
277 4394.230569150629 198 0.21407151222229004
278 4512.804694503384 198 0.2145521640777588
279 1364.456541888143 203 0.22091460227966309
280 1519.9555719384052 204 0.22111773490905762
281 1576.492777194795 204 0.22131896018981934
282 1776.492777194795 205 0.22151565551757812
283 1903.2517917780372 205 0.22195672988891602
284 1970.3588895563798 205 0.22222638130187988
285 2098.7703952954294 205 0.22246241569519043
286 2149.8657937859 205 0.22271370887756348
287 2152.4702117355137 205 0.22298431396484375
288 2136.162546091857 205 0.22327685356140137
289 2336.162546091857 206 0.22357654571533203
290 2472.889153547748 206 0.22390413284301758
291 2503.688562910645 206 0.22418904304504395
292 2514.6313968153668 206 0.2244281768798828
293 2587.872382232125 207 0.2246723175048828
294 2546.864284058966 207 0.22493290901184082
295 2439.649586871325 207 0.22519493103027344
296 2459.523899513684 207 0.22545599937438965
297 2435.4565994740924 207 0.22571659088134766
298 2441.332539301582 207 0.22597789764404297
299 2641.332539301582 208 0.22625112533569336
300 2704.605931845691 209 0.22655177116394043
301 2817.269317226404 210 0.22687029838562012
302 3006.326483321682 211 0.2272651195526123
303 3073.3900443742486 211 0.2276322841644287
304 3075.692900391047 211 0.22800040245056152
305 3133.2751540121235 211 0.22835850715637207
306 3080.305442879294 211 0.2287154197692871
307 1561.5421930864754 215 0.23476767539978027
308 1705.9898293722688 216 0.23503351211547852
309 1905.9898293722688 217 0.2352595329284668
310 1995.496264145657 217 0.23550057411193848
311 2168.5064347733883 218 0.23574018478393555
312 2368.5064347733883 219 0.23599934577941895
313 2489.5064347733883 220 0.23627901077270508
314 2686.0076099291696 220 0.23658466339111328
315 2883.062585952148 220 0.23688888549804688
316 3083.062585952148 221 0.23719286918640137
317 3197.6102553307296 221 0.23752307891845703
318 3397.6102553307296 222 0.23785400390625
319 3597.6102553307296 223 0.2382063865661621
320 3698.9084124135666 223 0.2385871410369873
321 3716.438687668383 223 0.2390446662902832
322 3738.8270345433493 223 0.23955821990966797
323 3782.5436394970457 223 0.24002695083618164
324 3691.041559245154 223 0.24042534828186035
325 3620.544538523214 223 0.2407989501953125
326 3706.4107166377407 223 0.2411644458770752
327 3791.863047259159 224 0.2415311336517334
328 3925.4571595059533 224 0.24192118644714355
329 4002.558679737185 224 0.2423255443572998
330 3842.3837837456763 224 0.24273180961608887
331 4024.85350849086 225 0.24315619468688965
332 4202.4651616158935 226 0.2435774803161621
333 4358.748556662197 227 0.24402284622192383
334 4304.945612009336 227 0.24448108673095703
335 4378.387656708298 228 0.2449355125427246
336 4403.4162009929105 228 0.24540972709655762
337 4603.4162009929105 229 0.24588823318481445
338 4669.822088746117 230 0.24639081954956055
339 1840.2246329588081 233 0.25451183319091797
340 1888.3197707962154 233 0.2548079490661621
341 2022.4648472189233 233 0.2550787925720215
342 2222.4648472189233 234 0.25539207458496094
343 2286.93787376723 234 0.25574421882629395
344 2446.713240808422 235 0.25606727600097656
345 2646.713240808422 236 0.25636863708496094
346 2668.9055956348975 236 0.2566816806793213
347 2868.9055956348975 237 0.2569870948791504
348 3068.9055956348975 238 0.257312536239624
349 3096.860050744625 238 0.257657527923584
350 3248.764912907218 239 0.25800108909606934
351 3160.1841680558377 239 0.2583770751953125
352 3360.1841680558377 240 0.25874900817871094
353 3357.582685560855 240 0.2591373920440674
354 3386.159568495625 240 0.25952601432800293
355 3586.159568495625 241 0.2599151134490967
356 3760.484719329072 241 0.26032495498657227
357 3932.565954109812 241 0.26073193550109863
358 4132.565954109812 242 0.26114392280578613
359 4304.611499000084 243 0.26157116889953613
360 4504.611499000084 244 0.2620255947113037
361 4659.047167428756 245 0.26250481605529785
362 4859.047167428756 246 0.2630038261413574
363 4822.179112470919 246 0.263516902923584
364 4993.602229536149 247 0.26423096656799316
365 5193.602229536149 248 0.2648131847381592
366 5197.084723876226 249 0.26535773277282715
367 5225.003489095487 250 0.26592493057250977
368 5310.675952103653 250 0.2665212154388428
369 5343.608004710275 250 0.2671060562133789
370 5543.608004710275 251 0.26770663261413574
371 5655.326868030497 251 0.26832032203674316
372 5855.326868030497 252 0.26893186569213867
373 5906.010392163114 252 0.2695333957672119
374 6106.010392163114 253 0.27013397216796875
375 6202.896636652748 253 0.270845890045166
376 1642.9573648150001 257 0.27966928482055664
377 1686.2560768618139 257 0.28003358840942383
378 1702.2560768618139 257 0.2802743911743164
379 1746.0618134297438 257 0.28049230575561523
380 1804.9468373817115 257 0.28071022033691406
381 2004.9468373817115 258 0.2809278964996338
382 2045.169827650458 258 0.28116297721862793
383 2222.9415514455222 259 0.2813997268676758
384 2266.0029674353523 259 0.2816610336303711
385 2261.773878825288 259 0.2819254398345947
386 2334.773878825288 259 0.28218507766723633
387 2491.4751667784744 260 0.2824525833129883
388 2561.413041145211 260 0.2827334403991699
389 2717.607304577281 261 0.2830393314361572
390 2782.0117636095015 261 0.2833583354949951
391 2824.215214541658 261 0.28366756439208984
392 2983.9922242729117 262 0.2839832305908203
393 3013.5856108953594 262 0.2843160629272461
394 3169.9286084141695 262 0.2846508026123047
395 3353.4286084141695 263 0.2849843502044678
396 3480.4286084141695 264 0.2853405475616455
397 3680.4286084141695 265 0.28571200370788574
398 3794.490734047433 266 0.2861006259918213
399 3971.462691126195 266 0.28653812408447266
400 4048.1732081420064 267 0.28697681427001953
401 4072.362687399698 267 0.28742146492004395
402 4272.362687399698 268 0.28786349296569824
403 4298.809109414335 268 0.28832435607910156
404 4299.404695905695 269 0.2887918949127197
405 4321.404695905695 269 0.28928184509277344
406 4367.843143663181 269 0.2897648811340332
407 4396.775074534282 269 0.290252685546875
408 4492.523846750683 269 0.29093313217163086
409 1366.943224206783 273 0.29747891426086426
410 1490.539997497092 273 0.29778361320495605
411 1690.539997497092 274 0.2979743480682373
412 1890.539997497092 275 0.2981693744659424
413 2070.350522670072 275 0.29839587211608887
414 2270.350522670072 276 0.2986292839050293
415 2401.988395822163 277 0.2990107536315918
416 2545.8600266237863 278 0.2992820739746094
417 2745.8600266237863 279 0.2995748519897461
418 2945.8600266237863 280 0.29990243911743164
419 3045.5722337383813 280 0.30025744438171387
420 3093.0435295769717 281 0.30060720443725586
421 3293.0435295769717 282 0.3009765148162842
422 3493.0435295769717 283 0.3013732433319092
423 3499.7122071145955 284 0.30178213119506836
424 3699.7122071145955 285 0.30231237411499023
425 3820.592538705365 285 0.3027684688568115
426 4020.592538705365 286 0.30321526527404785
427 4209.274072280096 286 0.30367541313171387
428 4409.274072280096 287 0.30413246154785156
429 4509.561865165501 288 0.3046250343322754
430 4709.561865165501 289 0.3051424026489258
431 4798.278148742774 289 0.3056752681732178
432 4942.1983556326395 289 0.30620527267456055
433 5133.920640985204 289 0.30674004554748535
434 5260.645641528154 289 0.3072695732116699
435 5339.765309937385 290 0.30780506134033203
436 5539.765309937385 291 0.3083760738372803
437 1627.3040551984266 294 0.3163731098175049
438 1747.7393620734692 294 0.316713809967041
439 1896.4665415222842 294 0.3169243335723877
440 1949.3882061030627 294 0.3171226978302002
441 2025.2563354695558 294 0.3173177242279053
442 2056.6905735553055 294 0.31751203536987305
443 2256.6905735553055 295 0.31774282455444336
444 2390.5184555918318 296 0.31797027587890625
445 2590.5184555918318 297 0.31821775436401367
446 2664.895597776588 297 0.31850504875183105
447 2729.8895923058117 297 0.3187708854675293
448 2809.4542854307692 298 0.31903719902038574
449 2860.727105981954 299 0.31932520866394043
450 2919.089157823903 300 0.3196392059326172
451 2995.247336275901 300 0.31997156143188477
452 3091.3974445324716 301 0.32030653953552246
453 3291.3974445324716 302 0.3206770420074463
454 3491.3974445324716 303 0.3210415840148926
455 3691.3974445324716 304 0.32143068313598633
456 3669.1261624281365 304 0.32184720039367676
457 3804.132167898913 305 0.32226037979125977
458 3837.3737401110193 305 0.32270240783691406
459 4037.3737401110193 306 0.3231382369995117
460 4085.9621164052023 306 0.32358765602111816
461 4109.489592433977 306 0.32404184341430664
462 4207.643842556978 306 0.3244912624359131
463 4363.638821516956 306 0.32494664192199707
464 4558.03114835351 306 0.32540059089660645
465 4648.691494408498 306 0.32585597038269043
466 4681.497296313145 306 0.32632875442504883
467 4881.497296313145 307 0.3267848491668701
468 5048.255724101039 308 0.3272678852081299
469 5112.765723101239 308 0.32782936096191406
470 1419.5800523070513 312 0.33405518531799316
471 1619.5800523070513 313 0.33426785469055176
472 1763.179697698237 314 0.3344764709472656
473 1897.1232926312946 314 0.33469581604003906
474 2097.1232926312946 315 0.3349120616912842
475 2267.8746162510447 316 0.3351480960845947
476 2251.2120016278436 316 0.3354065418243408
477 2294.2313622353067 316 0.3356616497039795
478 2399.08308357239 316 0.3359196186065674
479 2599.08308357239 317 0.3362088203430176
480 2799.08308357239 318 0.3364901542663574
481 2899.079115015406 318 0.3367879390716553
482 3099.079115015406 319 0.33708810806274414
483 3103.580666496299 320 0.33741116523742676
484 3139.4833126383314 320 0.3377571105957031
485 3339.4833126383314 321 0.3381056785583496
486 3483.769759529595 322 0.33847999572753906
487 3640.750398922132 323 0.33891868591308594
488 3735.8986775850485 324 0.3394770622253418
489 3935.8986775850485 325 0.33991503715515137
490 4135.898677585048 326 0.34036755561828613
491 4083.3710673230744 326 0.34084510803222656
492 4166.894864176673 326 0.34130215644836426
493 4366.894864176673 327 0.34176063537597656
494 4352.685630295166 327 0.3422365188598633
495 4531.932395864537 327 0.34271883964538574
496 4715.168544110205 327 0.34319448471069336
497 4762.687876525206 327 0.34368109703063965
498 4913.687876525206 327 0.34413981437683105
499 1386.5429094542765 331 0.34943056106567383
500 1586.5429094542765 332 0.34960412979125977
501 1752.3490203056454 333 0.34978294372558594
502 1779.4246663206545 333 0.34997987747192383
503 1979.4246663206545 334 0.3501760959625244
504 2002.7563655725908 334 0.35039710998535156
505 2174.9251998797454 335 0.3506128787994385
506 2374.9251998797454 336 0.3508458137512207
507 2321.697201752404 336 0.35109734535217285
508 2521.697201752404 337 0.35135340690612793
509 2721.697201752404 338 0.3516273498535156
510 2921.697201752404 339 0.35192108154296875
511 2944.1066527396774 339 0.3522374629974365
512 2902.0370705136265 339 0.35254812240600586
513 3102.0370705136265 340 0.3528735637664795
514 3278.7053712616903 341 0.35320234298706055
515 3311.1561150054404 341 0.3535442352294922
516 3383.562543539787 341 0.35388612747192383
517 3420.9355193875126 341 0.35422587394714355
518 3620.9355193875126 342 0.35457372665405273
519 3820.9355193875126 343 0.354935884475708
520 4020.9355193875126 344 0.3553149700164795
521 4198.526068400239 345 0.3557558059692383
522 4221.550282373143 345 0.3561732769012451
523 4421.550282373143 346 0.35658907890319824
524 4621.550282373143 347 0.3570239543914795
525 4615.879579074246 347 0.35747408866882324
526 4656.456229617532 347 0.3579244613647461
527 1820.7630752911487 350 0.3645172119140625
528 2020.7630752911487 351 0.36475086212158203
529 2097.584394873064 351 0.36498355865478516
530 2297.584394873064 352 0.36521244049072266
531 2354.5043082470784 352 0.36545753479003906
532 2391.9170631226743 352 0.36570286750793457
533 2591.9170631226743 353 0.3659491539001465
534 2791.9170631226743 354 0.3662147521972656
535 2991.9170631226743 355 0.36651158332824707
536 3191.9170631226743 356 0.3668372631072998
537 3371.1539878315257 357 0.3671696186065674
538 3571.1539878315257 358 0.3675196170806885
539 3694.3326682496104 359 0.3678855895996094
540 3894.3326682496104 360 0.368274450302124
541 4037.412754875596 361 0.368680477142334
542 4200.0 362 0.36910080909729004
543 4252.635884826989 362 0.36963629722595215
544 4452.635884826989 363 0.37049388885498047
545 4652.635884826989 364 0.3713390827178955
546 4752.835613655714 364 0.372098445892334
547 4952.835613655714 365 0.3727757930755615
548 5152.835613655714 366 0.3733525276184082
549 5352.835613655714 367 0.3739168643951416
550 5443.858573749752 367 0.37452125549316406
551 5643.858573749752 368 0.3750908374786377
552 5677.683390273028 368 0.37586498260498047
553 5825.0475054460385 369 0.37648963928222656
554 5979.384744009442 369 0.37716078758239746
555 6033.414337749055 369 0.37777233123779297
556 5997.519817189115 369 0.3783864974975586
557 6022.26967006508 369 0.37899017333984375
558 6131.7062010360105 369 0.3795912265777588
559 6331.7062010360105 370 0.3801913261413574
560 6396.486756933685 370 0.38079094886779785
561 6478.111636971962 370 0.3813912868499756
562 6467.135909483915 370 0.38199567794799805
563 6487.054738265079 370 0.3826179504394531
564 1592.496878980876 376 0.39222025871276855
565 1792.496878980876 377 0.3925185203552246
566 1837.9997402563695 377 0.39273691177368164
567 1898.9807351977024 377 0.3929452896118164
568 2044.1149602799967 378 0.3931751251220703
569 2132.452279242089 378 0.3934059143066406
570 2179.426170038991 378 0.3936336040496826
571 2379.426170038991 379 0.39386439323425293
572 2579.426170038991 380 0.39411497116088867
573 2624.4860982112746 380 0.3943953514099121
574 2741.795967748506 380 0.39466428756713867
575 2787.1486045949564 380 0.3949320316314697
576 2800.040968244211 380 0.39520764350891113
577 2939.059973302878 381 0.3954763412475586
578 3139.059973302878 382 0.3957645893096924
579 3250.7226543407855 383 0.3960762023925781
580 3124.021415646987 383 0.3964054584503174
581 3195.9011578722043 383 0.39673304557800293
582 3226.2307938669837 383 0.3970675468444824
583 3381.1708656947003 384 0.3973987102508545
584 3463.860996157469 385 0.3977522850036621
585 3518.4029023168405 385 0.39812374114990234
586 3615.103921225819 386 0.39852118492126465
587 3686.995238775517 386 0.39892029762268066
588 3745.055491950963 386 0.3993198871612549
589 3945.055491950963 387 0.3997352123260498
590 3952.4649601792717 387 0.40016889572143555
591 4080.5852179540543 388 0.4006185531616211
592 4234.840466121596 388 0.401073694229126
593 4434.840466121596 389 0.4015157222747803
594 4561.8099859932245 389 0.4019737243652344
595 4517.635201644088 389 0.40250587463378906
596 1798.5298879101772 394 0.4117882251739502
597 1998.5298879101772 395 0.4120504856109619
598 2006.0084948352035 395 0.4122920036315918
599 2142.5500404734976 395 0.41252970695495605
600 2262.7672775100386 395 0.4127669334411621
601 2462.7672775100386 396 0.41300344467163086
602 2509.127493861208 396 0.41326141357421875
603 2536.567163224877 396 0.41352105140686035
604 2736.567163224877 397 0.41378140449523926
605 2816.677767998299 398 0.4140632152557373
606 3016.677767998299 399 0.41437530517578125
607 3077.3472578764354 399 0.41469907760620117
608 3024.287644145078 399 0.4150214195251465
609 3086.0151495461114 399 0.4153566360473633
610 3165.7979125095703 400 0.4156954288482666
611 3365.7979125095703 401 0.4160630702972412
612 3385.005581776016 401 0.4164562225341797
613 3557.565912412347 402 0.416841983795166
614 3757.565912412347 403 0.4172348976135254
615 3912.943971534173 403 0.4176604747772217
616 3974.0488171166025 403 0.418093204498291
617 4034.652871316486 403 0.41851234436035156
618 4033.6972737478595 403 0.41892242431640625
619 3961.6983653636844 403 0.41939520835876465
620 4074.4071386341966 403 0.41985106468200684
621 4274.407138634197 404 0.42053842544555664
622 4332.454217807713 404 0.4213409423828125
623 4532.454217807713 405 0.4221470355987549
624 4589.155970624287 405 0.422910213470459
625 4548.501788570117 405 0.4235990047454834
626 4687.396942987688 406 0.42421722412109375
627 4695.271394050695 406 0.4247879981994629
628 4863.167505742053 407 0.42531323432922363
629 4775.722273302255 407 0.42585015296936035
630 4863.013500031743 408 0.42645955085754395
631 4931.853553248932 408 0.4270188808441162
632 1403.6223791357668 411 0.43370771408081055
633 1603.6223791357668 412 0.43415093421936035
634 1674.7529470323882 412 0.43438291549682617
635 1687.8369083228854 412 0.4346194267272949
636 1750.1158182276747 412 0.4348328113555908
637 1844.0430565358135 412 0.4350423812866211
638 2044.0430565358135 413 0.4352567195892334
639 2190.3545950465837 413 0.43549108505249023
640 2321.514541829395 414 0.4357261657714844
641 2440.798933797996 414 0.4359872341156006
642 2640.798933797996 415 0.43632984161376953
643 2769.729689642147 415 0.436781644821167
644 2780.5191972666303 415 0.43723511695861816
645 2755.9715010161103 415 0.437725305557251
646 2738.8700191036273 415 0.43825745582580566
647 2804.494908745717 416 0.43870067596435547
648 3004.494908745717 417 0.43917274475097656
649 3019.3584600195927 418 0.43958425521850586
650 3109.040403085849 418 0.44008493423461914
651 3077.5185769954596 418 0.44051432609558105
652 3142.1659927367336 418 0.44084978103637695
653 3101.664268663735 418 0.4411897659301758
