1 27913.364484333044 22 0.05388808250427246
2 20926.791267593486 38 0.09208035469055176
3 7305.519047979682 44 0.09914040565490723
4 17098.912954546493 57 0.11549639701843262
5 12362.085730604795 68 0.12851905822753906
6 5713.6300345295585 73 0.13204145431518555
7 8559.584201647569 80 0.1364586353302002
8 12556.2531888907 91 0.14427423477172852
9 8291.46205327194 98 0.14947748184204102
10 8098.460800389984 105 0.15472817420959473
11 9210.175673007543 112 0.15916800498962402
12 6868.6676391177125 118 0.16314411163330078
13 13750.53476823452 130 0.17279815673828125
14 15727.300206205759 143 0.18894386291503906
15 10185.43724695477 152 0.19874858856201172
16 15093.899611487013 163 0.21852540969848633
17 15882.706923917845 176 0.23543834686279297
18 8908.37429323087 184 0.24248290061950684
19 10044.277464853594 192 0.2497272491455078
20 7920.15691969661 199 0.2545812129974365
21 11069.832189212635 209 0.26288533210754395
22 14489.013116841237 220 0.2794613838195801
23 9660.674289007897 229 0.28580617904663086
24 22480.172731146547 245 0.3240046501159668
25 9769.32818527512 252 0.3322780132293701
26 8077.215736110984 259 0.335970401763916
27 8036.204666433008 266 0.3407878875732422
28 9022.409450987274 275 0.3458733558654785
29 9230.858171287822 282 0.3515200614929199
30 5926.548928441985 287 0.35489892959594727
31 8427.723786244522 294 0.3588674068450928
32 9912.035610152754 303 0.36595916748046875
