1 1887.7008201693536 9 0.006194114685058594
2 2087.7008201693534 10 0.0065076351165771484
3 2287.7008201693534 11 0.00673365592956543
4 2480.4511714929754 11 0.006943464279174805
5 2680.4511714929754 12 0.007155179977416992
6 2880.4511714929754 13 0.007376432418823242
7 2954.345861975899 13 0.00817728042602539
8 3154.345861975899 14 0.00848388671875
9 3354.345861975899 15 0.008846044540405273
10 3554.345861975899 16 0.009124994277954102
11 3710.4092298756964 16 0.009409189224243164
12 3910.4092298756964 17 0.009697914123535156
13 4028.375080631765 17 0.009994029998779297
14 4228.375080631765 18 0.010293006896972656
15 4428.375080631765 19 0.010630607604980469
16 4628.375080631765 20 0.010992288589477539
17 4828.375080631765 21 0.011357784271240234
18 5019.042525897325 21 0.011715888977050781
19 5219.042525897325 22 0.012073516845703125
20 5419.042525897325 23 0.012469053268432617
21 5619.042525897325 24 0.012865543365478516
22 5780.913617167147 24 0.01327371597290039
23 5886.948358279249 24 0.014654159545898438
24 6086.948358279249 25 0.01712179183959961
25 6281.077501636772 25 0.017621755599975586
26 6481.077501636772 26 0.018041610717773438
27 6551.979602117261 26 0.01846456527709961
28 6751.979602117261 27 0.018911123275756836
29 6806.563874132771 27 0.020221948623657227
30 6862.152778105898 27 0.020707368850708008
31 7062.152778105898 28 0.02116084098815918
32 7232.6227188735975 28 0.021618366241455078
33 7432.6227188735975 29 0.022089481353759766
34 7632.6227188735975 30 0.02258133888244629
35 7832.6227188735975 31 0.02311110496520996
36 7894.060516015632 31 0.023608684539794922
37 7917.426993027487 31 0.024274110794067383
38 7989.679652627727 31 0.024779558181762695
39 1709.7496161403146 36 0.04473567008972168
40 1798.1809455158707 36 0.04497337341308594
41 1998.1809455158707 37 0.04517817497253418
42 2198.180945515871 38 0.04534554481506348
43 2398.180945515871 39 0.045522451400756836
44 2598.180945515871 40 0.04570746421813965
45 2798.180945515871 41 0.04590487480163574
46 2961.838752307231 41 0.046114444732666016
47 3161.838752307231 42 0.04633069038391113
48 3361.838752307231 43 0.04659104347229004
49 3561.838752307231 44 0.0469202995300293
50 3619.118085169547 44 0.04717540740966797
51 3819.118085169547 45 0.04742932319641113
52 4019.118085169547 46 0.047695159912109375
53 4219.118085169547 47 0.04797196388244629
54 4419.118085169547 48 0.048256874084472656
55 4619.118085169547 49 0.04859590530395508
56 4819.118085169547 50 0.04896712303161621
57 4819.118085169547 50 0.049359798431396484
58 5019.118085169547 51 0.04977011680603027
59 5219.118085169547 52 0.050122976303100586
60 5419.118085169547 53 0.050479888916015625
61 5619.118085169547 54 0.0508575439453125
62 5716.618085169547 54 0.05123782157897949
63 5787.37402148498 54 0.05160784721374512
64 5963.441122803785 54 0.051967620849609375
65 6163.441122803785 55 0.05233263969421387
66 6211.948933397367 55 0.05270648002624512
67 6334.471287058455 55 0.053080081939697266
68 6456.993640719544 55 0.05345273017883301
69 6656.993640719544 56 0.05382490158081055
70 6728.965616725584 56 0.05430126190185547
71 6767.659247334264 56 0.0547938346862793
72 6879.90892433631 56 0.05518317222595215
73 7079.90892433631 57 0.05557370185852051
74 1467.339615020278 61 0.06409358978271484
75 1667.339615020278 62 0.06424736976623535
76 1795.316596200474 62 0.06437969207763672
77 1819.5562614772462 62 0.06450939178466797
78 1862.3048313513962 62 0.06463742256164551
79 2062.3048313513964 63 0.06476855278015137
80 2175.337948025635 63 0.06490659713745117
81 2230.036049835763 63 0.06504678726196289
82 2241.2530404017916 63 0.065185546875
83 2269.889957746437 63 0.0653223991394043
84 2469.889957746437 64 0.0654604434967041
85 2669.889957746437 65 0.06561088562011719
86 2869.889957746437 66 0.06577348709106445
87 3069.889957746437 67 0.06594705581665039
88 3269.889957746437 68 0.06613492965698242
89 3467.6006950724673 68 0.06633353233337402
90 3667.6006950724673 69 0.06653475761413574
91 3867.6006950724673 70 0.06678295135498047
92 4067.6006950724673 71 0.06703996658325195
93 4267.600695072468 72 0.06730532646179199
94 4467.600695072468 73 0.06758475303649902
95 4667.600695072468 74 0.0678706169128418
96 4867.600695072468 75 0.06817269325256348
97 5067.600695072468 76 0.06848621368408203
98 5267.600695072468 77 0.06881499290466309
99 5467.600695072468 78 0.0691680908203125
100 5491.609951158574 78 0.06952929496765137
101 5575.706225030161 78 0.06987857818603516
102 5775.706225030161 79 0.07019495964050293
103 5975.706225030161 80 0.07051730155944824
104 1824.0092560861062 82 0.07861757278442383
105 1994.021035055157 82 0.07879495620727539
106 2194.021035055157 83 0.07894015312194824
107 2394.021035055157 84 0.07909536361694336
108 2594.021035055157 85 0.07925963401794434
109 2636.5433131273276 85 0.07943487167358398
110 2836.5433131273276 86 0.07960939407348633
111 3036.5433131273276 87 0.07979464530944824
112 3236.5433131273276 88 0.08000063896179199
113 3436.5433131273276 89 0.08019900321960449
114 3607.7163791971607 89 0.08040904998779297
115 3807.7163791971607 90 0.08062052726745605
116 4007.7163791971607 91 0.08084273338317871
117 4207.716379197161 92 0.08107972145080566
118 4407.716379197161 93 0.08188509941101074
119 4513.1116980533325 93 0.08218717575073242
120 4538.211372368543 93 0.08265972137451172
121 4738.211372368543 94 0.08295702934265137
122 4938.211372368543 95 0.08323168754577637
123 5088.372913014363 95 0.08350920677185059
124 5288.372913014363 96 0.08379077911376953
125 5330.572726800499 96 0.08413124084472656
126 5530.572726800499 97 0.08508944511413574
127 5552.128828332564 97 0.08547735214233398
128 5752.128828332564 98 0.08596181869506836
129 5784.0828564875 98 0.08634829521179199
130 5984.0828564875 99 0.0869741439819336
131 6072.461614274251 99 0.08735275268554688
132 6126.887517680095 99 0.08769106864929199
133 6326.887517680095 100 0.0880589485168457
134 6526.887517680095 101 0.08841180801391602
135 6726.887517680095 102 0.08878087997436523
136 6926.887517680095 103 0.08916950225830078
137 7126.887517680095 104 0.08954930305480957
138 7326.887517680095 105 0.0899350643157959
139 7351.608226926939 105 0.09032750129699707
140 7455.100599315479 105 0.0907280445098877
141 1730.7975529677474 107 0.10003852844238281
142 1930.7975529677474 108 0.10555648803710938
143 2130.7975529677474 109 0.10578560829162598
144 2330.7975529677474 110 0.10594940185546875
145 2530.7975529677474 111 0.10613131523132324
146 2730.7975529677474 112 0.1063077449798584
147 2930.7975529677474 113 0.10649561882019043
148 3130.7975529677474 114 0.10671019554138184
149 3330.7975529677474 115 0.10692191123962402
150 3530.7975529677474 116 0.1071479320526123
151 3730.7975529677474 117 0.10738635063171387
152 3776.5655718980724 117 0.10768365859985352
153 3976.5655718980724 118 0.10795044898986816
154 4176.565571898072 119 0.10825419425964355
155 4376.565571898072 120 0.10852885246276855
156 4576.565571898072 121 0.10885000228881836
157 4776.565571898072 122 0.10914468765258789
158 4825.936375868282 122 0.10944914817810059
159 4921.612716905521 122 0.10975003242492676
160 5121.612716905521 123 0.11005401611328125
161 5180.055207626013 123 0.11036801338195801
162 5380.055207626013 124 0.11069560050964355
163 5519.879664306221 124 0.11102676391601562
164 5719.879664306221 125 0.11135387420654297
165 5775.682788809929 125 0.11169099807739258
166 5882.329515891529 125 0.11202645301818848
167 5932.269832630116 125 0.11236286163330078
168 6132.269832630116 126 0.1127016544342041
169 6169.30242592978 126 0.11304903030395508
170 6201.57101386601 126 0.11339521408081055
171 6270.867478422291 126 0.11374139785766602
172 6330.178248454078 126 0.1140904426574707
173 6526.142010193723 126 0.11443924903869629
174 6584.3873106134815 126 0.1147921085357666
175 6784.3873106134815 127 0.11519432067871094
176 1835.4513230710163 134 0.12768268585205078
177 1905.9035945780392 134 0.12787795066833496
178 2105.9035945780392 135 0.12801909446716309
179 2305.9035945780392 136 0.12816691398620605
180 2437.392956712369 136 0.1283271312713623
181 2637.392956712369 137 0.12848353385925293
182 2824.555941346911 137 0.128648042678833
183 2901.0390132543307 137 0.1288132667541504
184 3101.0390132543307 138 0.12949585914611816
185 3301.0390132543307 139 0.12968134880065918
186 3501.0390132543307 140 0.12987017631530762
187 3701.0390132543307 141 0.13007140159606934
188 3901.0390132543307 142 0.1302809715270996
189 3963.4756304407338 142 0.13049983978271484
190 4012.9756304407338 142 0.13073110580444336
191 4147.576241788591 142 0.1310133934020996
192 4347.576241788591 143 0.13127803802490234
193 4547.576241788591 144 0.13151264190673828
194 4747.576241788591 145 0.13175249099731445
195 4947.576241788591 146 0.1320042610168457
196 5147.576241788591 147 0.13227009773254395
197 5212.305668975243 147 0.13255929946899414
198 5224.717081145952 147 0.13291096687316895
199 5424.717081145952 148 0.13323044776916504
200 5526.217081145952 148 0.13352203369140625
201 5619.792663166681 148 0.13381338119506836
202 5819.792663166681 149 0.1341259479522705
203 6019.792663166681 150 0.13443350791931152
204 6219.792663166681 151 0.1347801685333252
205 6419.792663166681 152 0.13514018058776855
206 6530.1740200737495 152 0.13549470901489258
207 6627.988939679193 152 0.13585996627807617
208 6827.988939679193 153 0.13621068000793457
209 6907.481925600956 153 0.13657307624816895
210 7107.481925600956 154 0.13693642616271973
211 7307.481925600956 155 0.13742303848266602
212 7383.484044206985 155 0.13791441917419434
213 2000 160 0.15074706077575684
214 2200 161 0.15099620819091797
215 2400 162 0.15118145942687988
216 2431.1512566567544 162 0.1513676643371582
217 2544.661391329225 162 0.15157413482666016
218 2717.9444290328543 162 0.15176105499267578
219 2917.9444290328543 163 0.15195512771606445
220 3018.3431262936983 163 0.15215301513671875
221 3126.77487053205 163 0.1523573398590088
222 3326.77487053205 164 0.15255236625671387
223 3526.77487053205 165 0.15276813507080078
224 3726.77487053205 166 0.15299534797668457
225 3821.5020911791266 166 0.15322470664978027
226 3890.1525041431437 166 0.15345215797424316
227 4090.1525041431437 167 0.15367841720581055
228 4290.152504143143 168 0.1539161205291748
229 4490.152504143143 169 0.15427684783935547
230 4690.152504143143 170 0.15485930442810059
231 4890.152504143143 171 0.15546965599060059
232 5090.152504143143 172 0.15581440925598145
233 5217.967727678857 172 0.15610885620117188
234 5417.967727678857 173 0.15640640258789062
235 5576.551949188324 173 0.15671277046203613
236 5776.551949188324 174 0.15701842308044434
237 5976.551949188324 175 0.15733671188354492
238 6176.551949188324 176 0.1576673984527588
239 6376.551949188324 177 0.15800738334655762
240 6490.264406490695 177 0.1583576202392578
241 6538.554534809184 177 0.15871691703796387
242 6738.554534809184 178 0.15908503532409668
243 6938.554534809184 179 0.159468412399292
244 7009.670756649557 179 0.15984392166137695
245 7209.670756649557 180 0.16022801399230957
246 7263.801384346948 180 0.16062521934509277
247 7330.896873960364 180 0.16101336479187012
248 7404.158477120632 180 0.16140174865722656
249 7473.527625705239 180 0.16178250312805176
250 7480.828188784985 180 0.16225361824035645
251 7529.002018915874 180 0.1626911163330078
252 7615.9191005812345 180 0.16307377815246582
253 7684.035839927358 180 0.1634521484375
254 1336.6939448541254 186 0.17107105255126953
255 1536.6939448541254 187 0.1713552474975586
256 1559.3200493108266 187 0.1715226173400879
257 1759.3200493108266 188 0.17167043685913086
258 1959.3200493108266 189 0.17183256149291992
259 2159.3200493108266 190 0.17197966575622559
260 2359.3200493108266 191 0.17215275764465332
261 2383.1684625026414 191 0.17233824729919434
262 2403.018152772669 191 0.1725022792816162
263 2603.018152772669 192 0.17266488075256348
264 2803.018152772669 193 0.17283892631530762
265 3003.018152772669 194 0.1730344295501709
266 3203.018152772669 195 0.17323851585388184
267 3403.018152772669 196 0.17345571517944336
268 3603.018152772669 197 0.17368078231811523
269 3803.018152772669 198 0.1739199161529541
270 3894.5285268717394 198 0.17416954040527344
271 3915.472873318335 198 0.17441368103027344
272 4115.472873318335 199 0.17467713356018066
273 4139.616116608465 199 0.17493271827697754
274 4339.616116608465 200 0.1751875877380371
275 4363.335776178521 200 0.17545557022094727
276 4410.192297587761 200 0.17572689056396484
277 4454.664106823909 200 0.1759934425354004
278 4573.238232176664 200 0.1762552261352539
279 4682.8564607290855 200 0.17651844024658203
280 4882.8564607290855 201 0.1767880916595459
281 1349.2041959903665 204 0.18275785446166992
282 1549.2041959903665 205 0.1828906536102295
283 1675.9632105736086 205 0.1830127239227295
284 1743.0703083519513 205 0.18312954902648926
285 1943.0703083519513 206 0.18324875831604004
286 1982.748968792739 206 0.18337607383728027
287 2052.9787470624738 206 0.18350434303283691
288 2077.5535196671494 206 0.18363332748413086
289 2277.5535196671494 207 0.1837632656097412
290 2363.435037815751 207 0.18392229080200195
291 2450.771652435038 207 0.18408775329589844
292 2468.5867253414053 207 0.18423128128051758
293 2668.5867253414053 208 0.18437647819519043
294 2728.3360748559285 208 0.18453121185302734
295 2760.980656777289 208 0.18518733978271484
296 2831.9503679101185 208 0.18535566329956055
297 2878.112846140262 208 0.18551135063171387
298 2908.563558572427 208 0.1856670379638672
299 3108.563558572427 209 0.18582367897033691
300 3308.563558572427 210 0.18599343299865723
301 3508.563558572427 211 0.1861727237701416
302 3708.563558572427 212 0.18636488914489746
303 3775.6271196249936 212 0.1866168975830078
304 3804.0289752469753 212 0.18682312965393066
305 3888.081464910159 212 0.1870279312133789
306 4019.9023498199263 212 0.18726801872253418
307 4046.892179192195 212 0.18750691413879395
308 1705.9898293722688 216 0.19377636909484863
309 1905.9898293722688 217 0.19408726692199707
310 1995.496264145657 217 0.19423723220825195
311 2195.496264145657 218 0.19437837600708008
312 2395.496264145657 219 0.19453167915344238
313 2595.496264145657 220 0.1947033405303955
314 2791.997439301438 220 0.19487476348876953
315 2989.0524153244164 220 0.19504499435424805
316 3189.0524153244164 221 0.19521713256835938
317 3303.600084702998 221 0.19539999961853027
318 3503.600084702998 222 0.19558382034301758
319 3703.600084702998 223 0.19579553604125977
320 3894.4046765592234 223 0.1960129737854004
321 3911.93495181404 223 0.1962144374847412
322 3949.6860816449966 223 0.19641494750976562
323 3993.402686598693 223 0.19661641120910645
324 4098.401781502583 223 0.19681382179260254
325 4224.959736803621 223 0.19701290130615234
326 4310.825914918148 223 0.19721055030822754
327 4510.825914918148 224 0.19741082191467285
328 4644.4200271649415 224 0.1976320743560791
329 4721.5215473961725 224 0.1978459358215332
330 4773.092996879876 224 0.19812512397766113
331 4973.092996879876 225 0.19834542274475098
332 5173.092996879876 226 0.1985771656036377
333 5373.092996879876 227 0.19882655143737793
334 5433.141996269685 227 0.19907474517822266
335 5633.141996269685 228 0.19934296607971191
336 5744.036718668824 228 0.19965696334838867
337 5944.036718668824 229 0.20000791549682617
338 6144.036718668824 230 0.20027542114257812
339 6344.036718668824 231 0.20055103302001953
340 6414.818912664599 231 0.2008345127105713
341 6548.963989087308 231 0.20115327835083008
342 6748.963989087308 232 0.2014462947845459
343 1643.9421275257746 235 0.20872163772583008
344 1843.9421275257746 236 0.2088484764099121
345 2043.9421275257746 237 0.20896649360656738
346 2076.7576590903577 237 0.2090916633605957
347 2276.7576590903577 238 0.20921707153320312
348 2476.7576590903577 239 0.2093503475189209
349 2497.357875053462 239 0.20949459075927734
350 2697.357875053462 240 0.2096402645111084
351 2897.357875053462 241 0.20979523658752441
352 3097.357875053462 242 0.20995807647705078
353 3152.52209323288 242 0.21013474464416504
354 3193.14199042039 242 0.21030783653259277
355 3393.14199042039 243 0.21048545837402344
356 3589.6594960803122 243 0.21068048477172852
357 3761.7407308610523 243 0.21088624000549316
358 3961.7407308610523 244 0.21108317375183105
359 4161.740730861053 245 0.21129989624023438
360 4361.740730861053 246 0.21151423454284668
361 4540.620657530211 246 0.21173691749572754
362 4740.620657530211 247 0.21196770668029785
363 4784.914278874209 247 0.21229147911071777
364 4984.914278874209 248 0.21252775192260742
365 5184.914278874209 249 0.21278023719787598
366 5384.914278874209 250 0.21303486824035645
367 5584.914278874209 251 0.21329116821289062
368 5670.5867418823755 251 0.21355843544006348
369 5733.970773189247 251 0.21382451057434082
370 5933.970773189247 252 0.21409273147583008
371 6045.689636509469 252 0.214369535446167
372 6242.696298272908 252 0.21465086936950684
373 6318.383311501012 252 0.21492409706115723
374 6518.383311501012 253 0.21524882316589355
375 6615.269555990646 253 0.21559715270996094
376 1642.9573648150001 258 0.22456645965576172
377 1686.2560768618139 258 0.22473955154418945
378 1702.2560768618139 258 0.22487163543701172
379 1746.0618134297438 258 0.22499990463256836
380 1804.9468373817115 258 0.2251276969909668
381 2004.9468373817115 259 0.22525882720947266
382 2045.169827650458 259 0.22539901733398438
383 2245.169827650458 260 0.2255401611328125
384 2288.231243640288 260 0.22569060325622559
385 2304.731243640288 260 0.22583770751953125
386 2377.731243640288 260 0.22598671913146973
387 2577.731243640288 261 0.2261350154876709
388 2663.6691180070247 261 0.22629499435424805
389 2863.6691180070247 262 0.22647619247436523
390 2986.958600991213 262 0.2266693115234375
391 3029.1620519233697 262 0.22686982154846191
392 3229.1620519233697 263 0.22705602645874023
393 3258.7554385458175 263 0.2272357940673828
394 3458.1598520544576 263 0.2274162769317627
395 3658.1598520544576 264 0.22763609886169434
396 3858.1598520544576 265 0.22783637046813965
397 4058.1598520544576 266 0.22806334495544434
398 4258.159852054458 267 0.22829508781433105
399 4435.13180913322 267 0.22853398323059082
400 4635.13180913322 268 0.228790283203125
401 4701.524739323068 268 0.22907233238220215
402 4901.524739323068 269 0.2293241024017334
403 4957.564547960153 269 0.2295846939086914
404 5157.564547960153 270 0.22985124588012695
405 5179.564547960153 270 0.23017191886901855
406 5226.002995717638 270 0.23044800758361816
407 5254.9349265887395 270 0.23073554039001465
408 5350.683698805141 270 0.23107671737670898
409 1405.5855837461652 273 0.23736953735351562
410 1541.762857964304 273 0.23758840560913086
411 1741.762857964304 274 0.2377181053161621
412 1941.762857964304 275 0.23784208297729492
413 2135.0941804266804 275 0.23798346519470215
414 2335.0941804266804 276 0.23815369606018066
415 2535.0941804266804 277 0.2385082244873047
416 2735.0941804266804 278 0.23942232131958008
417 2935.0941804266804 279 0.23966383934020996
418 3135.0941804266804 280 0.2398529052734375
419 3234.8063875412754 280 0.24004578590393066
420 3434.8063875412754 281 0.24023723602294922
421 3634.8063875412754 282 0.24044013023376465
422 3834.8063875412754 283 0.24065160751342773
423 4034.8063875412754 284 0.2408733367919922
424 4234.806387541275 285 0.2411971092224121
425 4355.686719132044 285 0.2417142391204834
426 4555.686719132044 286 0.242279052734375
427 4744.368252706776 286 0.2425692081451416
428 4944.368252706776 287 0.24289274215698242
429 5144.368252706776 288 0.24318361282348633
430 5344.368252706776 289 0.24347543716430664
431 5433.084536284048 289 0.2437760829925537
432 5577.004743173914 289 0.24407649040222168
433 5768.7270285264785 289 0.24437499046325684
434 5895.452029069428 289 0.2446756362915039
435 6095.452029069428 290 0.24498462677001953
436 6295.452029069428 291 0.2453150749206543
437 6355.590730981653 291 0.24563980102539062
438 1614.7242919356374 294 0.2536470890045166
439 1814.7242919356374 295 0.25384974479675293
440 1880.6460439437606 295 0.25401997566223145
441 1995.070050290161 295 0.25418567657470703
442 2078.979832481298 295 0.25435924530029297
443 2278.979832481298 296 0.2545187473297119
444 2478.979832481298 297 0.2546975612640381
445 2678.979832481298 298 0.2548706531524658
446 2755.823830295051 298 0.255051851272583
447 2877.646588063599 298 0.2553424835205078
448 3077.646588063599 299 0.2555418014526367
449 3277.646588063599 300 0.2557377815246582
450 3477.646588063599 301 0.25597429275512695
451 3481.646588063599 301 0.2562227249145508
452 3681.646588063599 302 0.25644612312316895
453 3881.646588063599 303 0.25667619705200195
454 4081.646588063599 304 0.2569255828857422
455 4281.646588063599 305 0.257188081741333
456 4333.7524481440205 305 0.2574477195739746
457 4533.7524481440205 306 0.25771570205688477
458 4566.994020356126 306 0.25798797607421875
459 4766.994020356126 307 0.2582552433013916
460 4815.582396650309 307 0.2588787078857422
461 4991.136180497576 307 0.25962400436401367
462 5089.290430620576 307 0.260037899017334
463 5148.043153973917 307 0.26032066345214844
464 5267.653001779896 307 0.2606058120727539
465 5358.313347834885 307 0.26088666915893555
466 5443.225009819953 307 0.26116490364074707
467 5643.225009819953 308 0.2614457607269287
468 5843.225009819953 309 0.26178503036499023
469 5907.735008820153 309 0.26218152046203613
470 5976.756370656411 309 0.26248788833618164
471 1419.5800523070513 313 0.2692446708679199
472 1619.5800523070513 314 0.2695317268371582
473 1815.0785008261585 314 0.2697181701660156
474 2015.0785008261585 315 0.2698976993560791
475 2215.0785008261582 316 0.27004241943359375
476 2270.7920539348947 316 0.27019381523132324
477 2313.811414542358 316 0.2703433036804199
478 2418.663135879441 316 0.2704949378967285
479 2618.663135879441 317 0.2706568241119385
480 2818.663135879441 318 0.27081894874572754
481 2918.659167322457 318 0.2709941864013672
482 3118.659167322457 319 0.27117204666137695
483 3318.659167322457 320 0.2713603973388672
484 3354.5618134644897 320 0.2715580463409424
485 3554.5618134644897 321 0.27175402641296387
486 3754.5618134644897 322 0.27196788787841797
487 3954.5618134644897 323 0.2721869945526123
488 4154.56181346449 324 0.2724170684814453
489 4354.56181346449 325 0.2726585865020752
490 4554.56181346449 326 0.2729156017303467
491 4602.030234645532 326 0.2734408378601074
492 4685.55403149913 326 0.2743947505950928
493 4885.55403149913 327 0.27475738525390625
494 4907.247443759657 327 0.2755892276763916
495 5086.494209329027 327 0.27610182762145996
496 5269.7303575746955 327 0.27640724182128906
497 5317.249689989696 327 0.2766869068145752
498 5468.249689989696 327 0.276963472366333
499 5598.63458315328 327 0.2772386074066162
500 1386.5429094542767 332 0.2840423583984375
501 1586.5429094542767 333 0.28429579734802246
502 1679.1364100820858 333 0.2844207286834717
503 1879.1364100820858 334 0.28454136848449707
504 1917.1253952174627 334 0.2846689224243164
505 2117.125395217463 335 0.28479933738708496
506 2317.125395217463 336 0.2849411964416504
507 2322.8973970901216 336 0.2850911617279053
508 2522.8973970901216 337 0.2853062152862549
509 2722.8973970901216 338 0.28554201126098633
510 2922.8973970901216 339 0.2857353687286377
511 2945.306848077395 339 0.28592634201049805
512 2995.830766479153 339 0.2861135005950928
513 3195.830766479153 340 0.2863004207611084
514 3395.830766479153 341 0.2865002155303955
515 3428.2815102229033 341 0.28672170639038086
516 3500.68793875725 341 0.28693675994873047
517 3543.832916477634 341 0.28714728355407715
518 3743.832916477634 342 0.28735828399658203
519 3943.832916477634 343 0.2876131534576416
520 4143.832916477634 344 0.2878561019897461
521 4343.832916477634 345 0.288102388381958
522 4417.381048852297 345 0.28838229179382324
523 4617.381048852297 346 0.2887735366821289
524 4817.381048852297 347 0.2890470027923584
525 4844.161089297149 347 0.28933048248291016
526 4957.144168374782 347 0.2898576259613037
527 4995.63693356642 347 0.29073524475097656
528 1820.7630752911487 351 0.29906368255615234
529 1897.5843948730637 351 0.2992517948150635
530 2097.5843948730635 352 0.29940128326416016
531 2154.504308247078 352 0.2995564937591553
532 2191.917063122674 352 0.2997109889984131
533 2391.917063122674 353 0.2998642921447754
534 2591.917063122674 354 0.3000330924987793
535 2791.917063122674 355 0.3002655506134033
536 2991.917063122674 356 0.3005056381225586
537 3191.917063122674 357 0.3007519245147705
538 3391.917063122674 358 0.3009672164916992
539 3591.917063122674 359 0.3011903762817383
540 3791.917063122674 360 0.3014259338378906
541 3991.917063122674 361 0.3016672134399414
542 4191.917063122673 362 0.30193400382995605
543 4244.552947949663 362 0.30266308784484863
544 4444.552947949663 363 0.3029313087463379
545 4644.552947949663 364 0.3032083511352539
546 4744.7526767783875 364 0.3034954071044922
547 4944.7526767783875 365 0.3037848472595215
548 5144.7526767783875 366 0.30408668518066406
549 5344.7526767783875 367 0.30440187454223633
550 5435.775636872426 367 0.30472493171691895
551 5635.775636872426 368 0.3050503730773926
552 5669.600453395701 368 0.30537867546081543
553 5869.600453395701 369 0.30576205253601074
554 6023.937691959105 369 0.3063957691192627
555 6077.967285698718 369 0.307034969329834
556 6142.272493967503 369 0.3073875904083252
557 6167.022346843468 369 0.3077254295349121
558 6276.458877814398 369 0.3080766201019287
559 6476.458877814398 370 0.3085155487060547
560 6632.262393806111 370 0.30891871452331543
561 6713.887273844388 370 0.30927562713623047
562 6736.7363628796165 370 0.3096323013305664
563 6756.6551916607805 370 0.30998826026916504
564 6956.6551916607805 371 0.3103451728820801
565 1601.044830277385 376 0.31874513626098633
566 1691.4514477191522 376 0.3188810348510742
567 1735.3452161259493 376 0.3189973831176758
568 1935.3452161259493 377 0.31911206245422363
569 2023.6825350880415 377 0.31923723220825195
570 2163.3837737818403 377 0.31936192512512207
571 2363.3837737818403 378 0.3194897174835205
572 2563.3837737818403 379 0.3196268081665039
573 2617.6772706104175 379 0.3197743892669678
574 2653.407869246296 379 0.31992149353027344
575 2705.206171497435 379 0.3200676441192627
576 2808.505152588457 379 0.32021450996398926
577 3008.505152588457 380 0.32036328315734863
578 3208.505152588457 381 0.32061100006103516
579 3408.505152588457 382 0.3207857608795166
580 3421.505152588457 382 0.3209655284881592
581 3493.3848948136742 382 0.32114410400390625
582 3523.7145308084537 382 0.3213236331939697
583 3723.7145308084537 383 0.3215045928955078
584 3923.7145308084537 384 0.3216986656188965
585 4023.6090738142757 384 0.3219015598297119
586 4223.609073814276 385 0.322110652923584
587 4295.500391363974 385 0.3225839138031006
588 4353.56064453942 385 0.32285404205322266
589 4553.56064453942 386 0.3230719566345215
590 4573.970112767728 386 0.3232991695404053
591 4773.970112767728 387 0.32352423667907715
592 4958.55499693005 387 0.3237607479095459
593 5158.55499693005 388 0.32450008392333984
594 5283.779412725019 388 0.3247871398925781
595 5321.372010782544 388 0.3253905773162842
596 5353.43805894842 388 0.3256692886352539
597 5420.548363837296 388 0.32593417167663574
598 1722.471095603917 393 0.33241891860961914
599 1795.004041555134 393 0.33258724212646484
600 1839.4367489773524 393 0.3327155113220215
601 2039.4367489773524 394 0.3328406810760498
602 2085.796965328522 394 0.3329734802246094
603 2113.236634692191 394 0.33310484886169434
604 2313.236634692191 395 0.3332405090332031
605 2513.236634692191 396 0.3333866596221924
606 2713.236634692191 397 0.3335421085357666
607 2773.9061245703274 397 0.3337066173553467
608 2806.9656104475953 397 0.33387088775634766
609 3005.2346614869225 397 0.33403587341308594
610 3205.2346614869225 398 0.3341999053955078
611 3405.2346614869225 399 0.3346247673034668
612 3443.4727402747317 399 0.33485937118530273
613 3643.4727402747317 400 0.3350541591644287
614 3843.4727402747317 401 0.33525753021240234
615 4043.4727402747317 402 0.3354663848876953
616 4104.577585857161 402 0.33568787574768066
617 4225.851129935181 402 0.3359217643737793
618 4257.955018243822 402 0.3361372947692871
619 4313.6763658771815 402 0.3363513946533203
620 4426.385139147694 402 0.336564302444458
621 4626.385139147694 403 0.3367950916290283
622 4672.191945547962 403 0.33727097511291504
623 4872.191945547962 404 0.3377876281738281
624 4928.893698364536 404 0.338299036026001
625 4987.38686303768 404 0.3385486602783203
626 5187.38686303768 405 0.3388094902038574
627 5234.294111131828 405 0.3390669822692871
628 5434.294111131828 406 0.3393235206604004
629 5473.119021347182 406 0.3395967483520508
630 5673.119021347182 407 0.3398857116699219
631 5741.959074564371 407 0.3401939868927002
632 5779.549051845775 407 0.3404810428619385
633 1403.6223791357666 411 0.34639835357666016
634 1474.752947032388 411 0.34651970863342285
635 1543.3464519763374 411 0.34674859046936035
636 1605.6253618811268 411 0.3468501567840576
637 1740.0004722390372 411 0.34694766998291016
638 1940.0004722390372 412 0.3470480442047119
639 2083.1746516697403 412 0.34715938568115234
640 2283.1746516697403 413 0.3472716808319092
641 2402.4590436383414 413 0.34739089012145996
642 2602.4590436383414 414 0.34751176834106445
643 2731.3897994824924 414 0.3476419448852539
644 2813.309875003597 414 0.3477752208709717
645 2857.3556836970265 414 0.34793806076049805
646 2902.5331116893326 414 0.3480827808380127
647 3102.5331116893326 415 0.36272716522216797
648 3302.5331116893326 416 0.36585259437561035
649 3502.5331116893326 417 0.36601734161376953
650 3592.215054755589 417 0.366178035736084
651 3679.9776206338006 417 0.36633753776550293
652 3744.6250363750746 417 0.36649417877197266
653 3833.054068146227 417 0.36666202545166016
