1 1887.7008201693536 9 0.004774570465087891
2 2087.7008201693534 10 0.005000114440917969
3 2287.7008201693534 11 0.005192756652832031
4 2480.4511714929754 11 0.005391836166381836
5 2680.4511714929754 12 0.005599260330200195
6 2880.4511714929754 13 0.005814075469970703
7 2954.345861975899 13 0.006041765213012695
8 3154.345861975899 14 0.00626683235168457
9 3354.345861975899 15 0.006505727767944336
10 3554.345861975899 16 0.0067598819732666016
11 3710.4092298756964 16 0.007025718688964844
12 3910.4092298756964 17 0.007289409637451172
13 4028.375080631765 17 0.0075681209564208984
14 4228.375080631765 18 0.007847070693969727
15 4428.375080631765 19 0.008139848709106445
16 4628.375080631765 20 0.008448123931884766
17 4828.375080631765 21 0.00876760482788086
18 5019.042525897325 21 0.00909733772277832
19 5219.042525897325 22 0.009430885314941406
20 5419.042525897325 23 0.009788274765014648
21 5619.042525897325 24 0.010155200958251953
22 5780.913617167147 24 0.010535478591918945
23 5886.948358279249 24 0.010909318923950195
24 6086.948358279249 25 0.011283636093139648
25 6281.077501636772 25 0.01167440414428711
26 6481.077501636772 26 0.01207113265991211
27 6551.979602117261 26 0.01247859001159668
28 6751.979602117261 27 0.012886762619018555
29 6806.563874132771 27 0.013288497924804688
30 6862.152778105898 27 0.013698339462280273
31 7062.152778105898 28 0.01409912109375
32 7232.6227188735975 28 0.014512062072753906
33 7432.6227188735975 29 0.014927148818969727
34 7632.6227188735975 30 0.015352010726928711
35 7832.6227188735975 31 0.015805482864379883
36 7894.060516015632 31 0.01624608039855957
37 7917.426993027487 31 0.016682863235473633
38 7989.679652627727 31 0.017113447189331055
39 1582.002275740554 35 0.026494264602661133
40 1670.4336051161101 35 0.026629209518432617
41 1870.4336051161101 36 0.026750564575195312
42 2070.43360511611 37 0.026880979537963867
43 2270.43360511611 38 0.02702045440673828
44 2470.43360511611 39 0.027170896530151367
45 2670.43360511611 40 0.027332305908203125
46 2834.09141190747 40 0.02750539779663086
47 3034.09141190747 41 0.027678251266479492
48 3234.09141190747 42 0.027861356735229492
49 3434.09141190747 43 0.02808856964111328
50 3491.370744769786 43 0.02830028533935547
51 3691.370744769786 44 0.02850794792175293
52 3891.370744769786 45 0.028725862503051758
53 4091.370744769786 46 0.028955698013305664
54 4291.370744769786 47 0.02919769287109375
55 4491.370744769786 48 0.029456615447998047
56 4691.370744769786 49 0.029726505279541016
57 4691.370744769786 49 0.030002593994140625
58 4891.370744769786 50 0.030278682708740234
59 5091.370744769786 51 0.030565500259399414
60 5291.370744769786 52 0.030863285064697266
61 5491.370744769786 53 0.03117060661315918
62 5588.870744769786 53 0.03148698806762695
63 5659.626681085219 53 0.03181314468383789
64 5835.693782404024 53 0.03211641311645508
65 6035.693782404024 54 0.03242301940917969
66 6084.201592997606 54 0.03273892402648926
67 6206.723946658694 54 0.033056020736694336
68 6329.246300319783 54 0.03336906433105469
69 6529.246300319783 55 0.03369784355163574
70 6601.218276325823 55 0.03402519226074219
71 1209.2995459085846 58 0.03949546813964844
72 1321.5492229106294 58 0.03960108757019043
73 1521.5492229106294 59 0.03969573974609375
74 1721.5492229106294 60 0.03979992866516113
75 1921.5492229106294 61 0.039911508560180664
76 2022.514224420065 61 0.04003190994262695
77 2046.7538896968372 61 0.04015350341796875
78 2089.5024595709874 61 0.040279388427734375
79 2289.5024595709874 62 0.040402889251708984
80 2402.535576245226 62 0.04053640365600586
81 2457.233678055354 62 0.04066944122314453
82 2468.4506686213826 62 0.04080390930175781
83 2497.087585966028 62 0.04093527793884277
84 2697.087585966028 63 0.04107046127319336
85 2897.087585966028 64 0.0412137508392334
86 3097.087585966028 65 0.04136991500854492
87 3297.087585966028 66 0.04153585433959961
88 3497.087585966028 67 0.0417330265045166
89 3694.7983232920583 67 0.04191112518310547
90 3894.7983232920583 68 0.04208993911743164
91 4094.7983232920583 69 0.04227805137634277
92 4294.798323292058 70 0.04247927665710449
93 4494.798323292058 71 0.04268956184387207
94 4694.798323292058 72 0.04291081428527832
95 4894.798323292058 73 0.04321432113647461
96 2000 75 0.05123734474182129
97 2200 76 0.05139040946960449
98 2400 77 0.05153369903564453
99 2600 78 0.05168437957763672
100 2624.0092560861062 78 0.051843881607055664
101 2824.0092560861062 79 0.05200791358947754
102 3024.0092560861062 80 0.05218052864074707
103 3224.0092560861062 81 0.05236363410949707
104 3424.0092560861062 82 0.052553653717041016
105 3594.021035055157 82 0.052755117416381836
106 3775.8473557161587 82 0.05295276641845703
107 3975.8473557161587 83 0.05315589904785156
108 4175.847355716159 84 0.053365468978881836
109 4218.369633788329 84 0.053591012954711914
110 4418.369633788329 85 0.05382251739501953
111 4618.369633788329 86 0.054049015045166016
112 4818.369633788329 87 0.05428338050842285
113 5018.369633788329 88 0.05452775955200195
114 5189.542699858162 88 0.05478024482727051
115 5389.542699858162 89 0.05503702163696289
116 5589.542699858162 90 0.0552980899810791
117 5789.542699858162 91 0.05557394027709961
118 5989.542699858162 92 0.05585360527038574
119 6189.542699858162 93 0.05614590644836426
120 6214.642374173373 93 0.05644488334655762
121 6414.642374173373 94 0.05675148963928223
122 6614.642374173373 95 0.05706334114074707
123 6764.803914819193 95 0.0573880672454834
124 6964.803914819193 96 0.05771303176879883
125 7007.003728605329 96 0.0580449104309082
126 7207.003728605329 97 0.05837655067443848
127 7228.559830137394 97 0.05872178077697754
128 7428.559830137394 98 0.05906224250793457
129 7512.432109631683 98 0.05941462516784668
130 7712.432109631683 99 0.05976414680480957
131 7800.810867418433 99 0.06012582778930664
132 7855.236770824277 99 0.06048107147216797
133 8055.236770824277 100 0.06084275245666504
134 8076.147896131008 100 0.06120586395263672
135 8276.147896131008 101 0.06157422065734863
136 8476.147896131008 102 0.06195807456970215
137 1838.8924439894497 106 0.07128334045410156
138 2038.8924439894497 107 0.07142066955566406
139 2079.7650512853684 107 0.07155156135559082
140 2169.689996957197 107 0.07168197631835938
141 2369.689996957197 108 0.07181072235107422
142 2569.689996957197 109 0.07195162773132324
143 2769.689996957197 110 0.0720987319946289
144 2969.689996957197 111 0.07225799560546875
145 3169.689996957197 112 0.07242465019226074
146 3369.689996957197 113 0.07260298728942871
147 3569.689996957197 114 0.07280492782592773
148 3769.689996957197 115 0.07300877571105957
149 3969.689996957197 116 0.07322239875793457
150 4169.689996957197 117 0.07344913482666016
151 4369.689996957197 118 0.07368826866149902
152 4415.458015887522 118 0.07394123077392578
153 4615.458015887522 119 0.07417631149291992
154 4685.751622907616 119 0.07442331314086914
155 4885.751622907616 120 0.07466721534729004
156 5085.751622907616 121 0.07492613792419434
157 5285.751622907616 122 0.07519030570983887
158 5335.122426877826 122 0.07546472549438477
159 5408.620210736954 122 0.07573628425598145
160 5608.620210736954 123 0.07604074478149414
161 5667.062701457446 123 0.07633113861083984
162 5867.062701457446 124 0.07662677764892578
163 6006.887158137653 124 0.0769343376159668
164 6206.887158137653 125 0.07723045349121094
165 6262.690282641362 125 0.07753396034240723
166 6369.337009722962 125 0.07785987854003906
167 6419.277326461549 125 0.07821202278137207
168 6619.277326461549 126 0.07853102684020996
169 6656.309919761213 126 0.07885932922363281
170 6713.70201904 126 0.07917094230651855
171 6782.998483596281 126 0.07947540283203125
172 6842.309253628068 126 0.07979726791381836
173 7038.273015367713 126 0.08011054992675781
174 1835.4513230710163 134 0.08854436874389648
175 2035.4513230710163 135 0.08868217468261719
176 2065.2416115329384 135 0.08881568908691406
177 2134.7053641284783 135 0.08894777297973633
178 2334.7053641284783 136 0.0890815258026123
179 2415.5415652976553 136 0.08922266960144043
180 2547.030927431985 136 0.08936405181884766
181 2747.030927431985 137 0.08950662612915039
182 2934.193912066527 137 0.08966326713562012
183 3002.3967860199787 137 0.0898127555847168
184 3202.3967860199787 138 0.09479951858520508
185 3402.3967860199787 139 0.09495878219604492
186 3602.3967860199787 140 0.09512472152709961
187 3802.3967860199787 141 0.09530854225158691
188 4002.3967860199787 142 0.09549331665039062
189 4064.8334032063817 142 0.09568595886230469
190 4114.333403206381 142 0.09587836265563965
191 4248.934014554239 142 0.0960693359375
192 4448.934014554239 143 0.09635567665100098
193 4648.934014554239 144 0.0965580940246582
194 4848.934014554239 145 0.09676718711853027
195 5048.934014554239 146 0.09698796272277832
196 5248.934014554239 147 0.09721994400024414
197 5313.663441740891 147 0.09745907783508301
198 5382.172868503347 147 0.09770321846008301
199 5582.172868503347 148 0.0979757308959961
200 5683.672868503347 148 0.09838533401489258
201 5777.248450524076 148 0.09885692596435547
202 5977.248450524076 149 0.09911727905273438
203 6177.248450524076 150 0.09937906265258789
204 6377.248450524076 151 0.09985828399658203
205 6577.248450524076 152 0.10017848014831543
206 6687.629807431144 152 0.1004784107208252
207 6785.444727036588 152 0.10076522827148438
208 6985.444727036588 153 0.10105633735656738
209 7039.928252407716 153 0.1014852523803711
210 7239.928252407716 154 0.10185098648071289
211 2000 158 0.11121535301208496
212 2200 159 0.1113884449005127
213 2400 160 0.11152839660644531
214 2600 161 0.11167645454406738
215 2800 162 0.1118326187133789
216 2831.1512566567544 162 0.11200189590454102
217 2944.661391329225 162 0.11216878890991211
218 3117.9444290328543 162 0.1123359203338623
219 3317.9444290328543 163 0.11250185966491699
220 3418.3431262936983 163 0.11267948150634766
221 3526.77487053205 163 0.11287355422973633
222 3726.77487053205 164 0.11305928230285645
223 3926.77487053205 165 0.1132500171661377
224 4126.77487053205 166 0.11345434188842773
225 4221.502091179126 166 0.11367154121398926
226 4290.152504143143 166 0.11388111114501953
227 4490.152504143143 167 0.1140890121459961
228 4690.152504143143 168 0.11431217193603516
229 4890.152504143143 169 0.11453843116760254
230 5090.152504143143 170 0.11478114128112793
231 5290.152504143143 171 0.11503005027770996
232 5490.152504143143 172 0.11529159545898438
233 5617.967727678857 172 0.11555743217468262
234 5817.967727678857 173 0.1158449649810791
235 5976.551949188324 173 0.11612963676452637
236 6176.551949188324 174 0.11641454696655273
237 6376.551949188324 175 0.11671233177185059
238 6576.551949188324 176 0.11702203750610352
239 6776.551949188324 177 0.117340087890625
240 6890.264406490695 177 0.11767959594726562
241 6938.554534809184 177 0.11800622940063477
242 7138.554534809184 178 0.11833739280700684
243 7338.554534809184 179 0.11867332458496094
244 7409.670756649557 179 0.11901998519897461
245 7609.670756649557 180 0.11936378479003906
246 7663.801384346948 180 0.11972260475158691
247 7730.896873960364 180 0.1200721263885498
248 7804.158477120632 180 0.12042498588562012
249 7873.527625705239 180 0.12078475952148438
250 7880.828188784985 180 0.1211402416229248
251 7929.002018915874 180 0.12149190902709961
252 1219.832362781297 183 0.1276404857635498
253 1233.9773830598938 183 0.12774062156677246
254 1433.9773830598938 184 0.12782883644104004
255 1633.9773830598938 185 0.12792468070983887
256 1656.603487516595 185 0.12803053855895996
257 1856.603487516595 186 0.12816715240478516
258 2056.603487516595 187 0.12828564643859863
259 2256.603487516595 188 0.12841200828552246
260 2456.603487516595 189 0.12854933738708496
261 2480.45190070841 189 0.12869787216186523
262 2500.3015909784376 189 0.1288435459136963
263 2700.3015909784376 190 0.12898850440979004
264 2900.3015909784376 191 0.12914490699768066
265 3100.3015909784376 192 0.12931084632873535
266 3300.3015909784376 193 0.12961125373840332
267 3500.3015909784376 194 0.12980055809020996
268 3700.3015909784376 195 0.12999558448791504
269 3900.3015909784376 196 0.13019967079162598
270 3991.811965077508 196 0.130415678024292
271 4012.7563115241037 196 0.13063359260559082
272 4171.162167444471 196 0.13085031509399414
273 4195.3054107346015 196 0.13106346130371094
274 4395.3054107346015 197 0.13128066062927246
275 4419.025070304658 197 0.13150596618652344
276 4465.881591713897 197 0.13173460960388184
277 1659.4477733699518 202 0.13861632347106934
278 1686.9097112135935 202 0.13898873329162598
279 1731.4106811633312 202 0.13916397094726562
280 1931.4106811633312 203 0.13933157920837402
281 1972.1794859556433 203 0.1395113468170166
282 2172.179485955643 204 0.13966703414916992
283 2298.938500538885 204 0.13984894752502441
284 2366.0455983172274 204 0.14000725746154785
285 2505.9048774262287 204 0.14014148712158203
286 2570.0437359347384 204 0.14027166366577148
287 2640.273514204473 204 0.14040017127990723
288 2664.8482868091487 204 0.14052915573120117
289 2864.8482868091487 205 0.14066100120544434
290 2989.822762725934 205 0.14079952239990234
291 3077.159377345221 205 0.14093923568725586
292 3088.1022112499427 205 0.14107751846313477
293 3288.1022112499427 206 0.14121580123901367
294 3309.6265870017164 206 0.14136815071105957
295 3342.271168923077 206 0.14151549339294434
296 3413.2408800559065 206 0.14168810844421387
297 3459.4033582860498 206 0.14183831214904785
298 3489.854070718215 206 0.14198589324951172
299 3689.854070718215 207 0.14213776588439941
300 3889.854070718215 208 0.14229893684387207
301 4089.854070718215 209 0.14276504516601562
302 4289.854070718215 210 0.14294886589050293
303 4356.917631770782 210 0.14313650131225586
304 4385.319487392763 210 0.14332365989685059
305 4432.383817897621 210 0.14351248741149902
306 4450.383817897621 210 0.14370465278625488
307 4477.37364726989 210 0.14389252662658691
308 4677.37364726989 211 0.14408159255981445
309 4707.751986624049 211 0.14428162574768066
310 4750.251986624049 211 0.14448046684265137
311 1768.5064347733883 217 0.15086102485656738
312 1968.5064347733883 218 0.15099859237670898
313 2168.5064347733883 219 0.15112876892089844
314 2368.5064347733883 220 0.15126752853393555
315 2532.78978931824 220 0.15141701698303223
316 2732.78978931824 221 0.1515641212463379
317 2805.9513870033174 221 0.1517326831817627
318 3005.9513870033174 222 0.15194034576416016
319 3205.9513870033174 223 0.1521129608154297
320 3396.7559788595427 223 0.15229463577270508
321 3414.286254114359 223 0.15247130393981934
322 3436.6746009893254 223 0.1526472568511963
323 3536.804443825386 223 0.15282535552978516
324 3596.4762687303405 223 0.1530008316040039
325 3723.034224031379 223 0.153181791305542
326 3808.9004021459054 223 0.15335702896118164
327 4008.9004021459054 224 0.1535346508026123
328 4142.4945143927 224 0.15372776985168457
329 4219.596034623931 224 0.15391302108764648
330 4250.225730488647 224 0.15410280227661133
331 4450.225730488647 225 0.15428924560546875
332 4650.225730488647 226 0.15448760986328125
333 4850.225730488647 227 0.1546921730041504
334 4901.4218807396755 227 0.15490436553955078
335 5101.4218807396755 228 0.1551225185394287
336 5179.662351101737 228 0.15534663200378418
337 5379.662351101737 229 0.15557575225830078
338 5579.662351101737 230 0.15581130981445312
339 5779.662351101737 231 0.15605640411376953
340 5812.069697995051 231 0.15631604194641113
341 5946.214774417759 231 0.1565690040588379
342 6146.214774417759 232 0.15682387351989746
343 6217.391986967887 232 0.15708708763122559
344 6417.391986967887 233 0.15734624862670898
345 6617.391986967887 234 0.15763115882873535
346 6681.002412693478 234 0.15793466567993164
347 1804.2664431985793 237 0.16539669036865234
348 2004.2664431985793 238 0.16553854942321777
349 2021.2783270584757 238 0.1656794548034668
350 2221.278327058476 239 0.16582274436950684
351 2421.278327058476 240 0.16595888137817383
352 2621.278327058476 241 0.1661059856414795
353 2697.1151499206885 241 0.16626214981079102
354 2719.5039564508816 241 0.16641712188720703
355 2919.5039564508816 242 0.16657614707946777
356 3116.021462110804 242 0.16674280166625977
357 3288.102696891544 242 0.16690802574157715
358 3488.102696891544 243 0.16707444190979004
359 3688.102696891544 244 0.1672523021697998
360 3888.102696891544 245 0.16743946075439453
361 4066.9826235607025 245 0.1676347255706787
362 4266.982623560702 246 0.16783547401428223
363 4295.246961083176 246 0.16804242134094238
364 4495.246961083176 247 0.1684713363647461
365 4695.246961083176 248 0.16869497299194336
366 4895.246961083176 249 0.16892600059509277
367 5095.246961083176 250 0.16916394233703613
368 5180.919424091342 250 0.16941237449645996
369 5211.525207983993 250 0.16966676712036133
370 5411.525207983993 251 0.16991329193115234
371 5523.244071304215 251 0.1701679229736328
372 5723.244071304215 252 0.1704256534576416
373 5798.931084532319 252 0.17069768905639648
374 5998.931084532319 253 0.17096734046936035
375 6095.817329021953 253 0.1712484359741211
376 6295.817329021953 254 0.17153024673461914
377 6333.920914716545 254 0.17181825637817383
378 6349.920914716545 254 0.17210602760314941
379 6393.726651284474 254 0.17239713668823242
380 6452.611675236442 254 0.17268681526184082
381 6611.850333851977 254 0.17297625541687012
382 6652.073324120724 254 0.17326140403747559
383 6852.073324120724 255 0.17355036735534668
384 1326.525110564212 260 0.1799170970916748
385 1355.025110564212 260 0.18003559112548828
386 1391.4529967507333 260 0.18013858795166016
387 1591.4529967507333 261 0.18023991584777832
388 1676.6746551238364 261 0.18035173416137695
389 1876.6746551238364 262 0.18046259880065918
390 2003.4951068963824 262 0.18058156967163086
391 2040.4093510290284 262 0.18070054054260254
392 2240.4093510290286 263 0.1808333396911621
393 2263.267599434213 263 0.18096017837524414
394 2463.267599434213 264 0.18108773231506348
395 2663.267599434213 265 0.18122553825378418
396 2863.267599434213 266 0.1813797950744629
397 3063.267599434213 267 0.18153810501098633
398 3263.267599434213 268 0.1817162036895752
399 3440.239556512975 268 0.18189334869384766
400 3640.239556512975 269 0.18207097053527832
401 3708.2460739213584 269 0.18225908279418945
402 3908.2460739213584 270 0.1824502944946289
403 3972.9067265626672 270 0.1826462745666504
404 4172.906726562667 271 0.18284392356872559
405 4212.911228109683 271 0.18305110931396484
406 4292.426343425659 271 0.1832578182220459
407 4321.35827429676 271 0.1834702491760254
408 4417.107046513162 271 0.18367695808410645
409 4617.107046513162 272 0.18390178680419922
410 4791.8302820062445 272 0.1841268539428711
411 1600.166879628166 276 0.18979334831237793
412 1800.166879628166 277 0.18991923332214355
413 1993.4982020905422 277 0.19003772735595703
414 2193.4982020905422 278 0.1901543140411377
415 2393.4982020905422 279 0.19028019905090332
416 2593.4982020905422 280 0.190415620803833
417 2793.4982020905422 281 0.19056463241577148
418 2993.4982020905422 282 0.19072175025939941
419 3093.2104092051372 282 0.1908872127532959
420 3293.2104092051372 283 0.19105124473571777
421 3493.2104092051372 284 0.19122672080993652
422 3693.2104092051372 285 0.19141125679016113
423 3893.2104092051372 286 0.19161057472229004
424 4093.2104092051372 287 0.1918201446533203
425 4214.090740795907 287 0.19203615188598633
426 4414.090740795907 288 0.19225263595581055
427 4602.772274370638 288 0.19247651100158691
428 4802.772274370638 289 0.1927037239074707
429 5002.772274370638 290 0.19298028945922852
430 5202.772274370638 291 0.19323182106018066
431 5291.4885579479105 291 0.19361138343811035
432 5435.408764837776 291 0.19387030601501465
433 5627.131050190341 291 0.19412446022033691
434 5753.85605073329 291 0.19437789916992188
435 5953.85605073329 292 0.19463419914245605
436 6153.85605073329 293 0.1949019432067871
437 6213.994752645515 293 0.1951770782470703
438 6334.430059520558 293 0.19545364379882812
439 6534.430059520558 294 0.19573140144348145
440 6690.557372705193 294 0.19601845741271973
441 6890.557372705193 295 0.19630885124206543
442 6941.716778534207 295 0.19660496711730957
443 7141.716778534207 296 0.1969292163848877
444 1717.0811578371367 300 0.20433998107910156
445 1917.0811578371367 301 0.2044830322265625
446 1984.714839020564 301 0.20461535453796387
447 2075.80163000179 301 0.2048497200012207
448 2275.80163000179 302 0.20498418807983398
449 2475.80163000179 303 0.2051258087158203
450 2675.80163000179 304 0.20527386665344238
451 2679.80163000179 304 0.2054307460784912
452 2879.80163000179 305 0.20560431480407715
453 3079.80163000179 306 0.20577669143676758
454 3279.80163000179 307 0.20595502853393555
455 3479.80163000179 308 0.20614385604858398
456 3531.907490082211 308 0.2063455581665039
457 3731.907490082211 309 0.2065439224243164
458 3765.1490622943174 309 0.20675134658813477
459 3965.1490622943174 310 0.20696067810058594
460 4013.7374385885005 310 0.2071824073791504
461 4189.291222435767 310 0.20740175247192383
462 4287.4454725587675 310 0.20762276649475098
463 4346.198195912108 310 0.20824241638183594
464 4465.808043718087 310 0.20847105979919434
465 4556.468389773076 310 0.20869970321655273
466 4641.380051758144 310 0.20892572402954102
467 4841.380051758144 311 0.20913338661193848
468 5041.380051758144 312 0.20935368537902832
469 5105.890050758344 312 0.20963501930236816
470 5174.911412594602 312 0.20989656448364258
471 5374.911412594602 313 0.21013092994689941
472 5574.911412594602 314 0.21037673950195312
473 5770.409861113709 314 0.21062970161437988
474 5970.409861113709 315 0.21088361740112305
475 6170.409861113709 316 0.21114706993103027
476 6226.123414222445 316 0.2114238739013672
477 6370.611921394689 316 0.21169614791870117
478 6479.393729928521 316 0.21197152137756348
479 1734.1812047726617 321 0.21928691864013672
480 1934.1812047726617 322 0.2194502353668213
481 2034.1772362156776 322 0.21958494186401367
482 2234.1772362156776 323 0.21971940994262695
483 2434.1772362156776 324 0.2198636531829834
484 2634.1772362156776 325 0.22001981735229492
485 2834.1772362156776 326 0.2201826572418213
486 3034.1772362156776 327 0.2203540802001953
487 3234.1772362156776 328 0.2205362319946289
488 3434.1772362156776 329 0.22072887420654297
489 3634.1772362156776 330 0.2209324836730957
490 3834.1772362156776 331 0.22121191024780273
491 3881.64565739672 331 0.22150039672851562
492 3938.618171251505 331 0.22180867195129395
493 4138.6181712515045 332 0.2220757007598877
494 4160.311583512031 332 0.2223212718963623
495 4229.15087730975 332 0.22255849838256836
496 4314.7574816847455 332 0.22278904914855957
497 4362.276814099746 332 0.2230226993560791
498 4513.276814099746 332 0.22325563430786133
499 4632.466608899913 332 0.22348761558532715
500 4832.466608899913 333 0.22372078895568848
501 4934.673928628907 333 0.22396516799926758
502 5016.567222544308 333 0.22420787811279297
503 5081.2218755470385 333 0.22445273399353027
504 5159.680714860936 333 0.22469592094421387
505 5359.680714860936 334 0.22494101524353027
506 5559.680714860936 335 0.22519564628601074
507 5586.699367226457 335 0.22545766830444336
508 5688.739259035019 335 0.22572612762451172
509 5791.20746053324 335 0.22598814964294434
510 5991.20746053324 336 0.22625517845153809
511 6084.724385078864 336 0.2265324592590332
512 6235.39501534128 336 0.22681045532226562
513 6295.39501534128 336 0.22708415985107422
514 1822.4094509872734 342 0.23453617095947266
515 2022.4094509872734 343 0.23468708992004395
516 2174.511451996831 343 0.23482942581176758
517 2221.1923115274294 343 0.23497724533081055
518 2421.1923115274294 344 0.23511838912963867
519 2621.1923115274294 345 0.23527312278747559
520 2821.1923115274294 346 0.23543453216552734
521 3021.1923115274294 347 0.23560643196105957
522 3106.2738481016713 347 0.23578786849975586
523 3306.2738481016713 348 0.23596715927124023
524 3506.2738481016713 349 0.236159086227417
525 3511.012083757007 349 0.23636317253112793
526 3619.5723753113402 349 0.23656392097473145
527 3640.134767179529 349 0.2367856502532959
528 3840.134767179529 350 0.23697614669799805
529 3916.956086761444 350 0.23717474937438965
530 4116.956086761444 351 0.23737597465515137
531 4173.8760001354585 351 0.23758983612060547
532 4211.2887550110545 351 0.23782587051391602
533 4411.2887550110545 352 0.23804140090942383
534 4611.2887550110545 353 0.23826956748962402
535 4811.2887550110545 354 0.23850560188293457
536 5011.2887550110545 355 0.23875713348388672
537 5211.2887550110545 356 0.2390139102935791
538 5411.2887550110545 357 0.23928093910217285
539 5611.2887550110545 358 0.2395632266998291
540 5811.2887550110545 359 0.23985791206359863
541 5928.693635562521 359 0.2401585578918457
542 6128.693635562521 360 0.2404637336730957
543 6181.32952038951 360 0.24084877967834473
544 6381.32952038951 361 0.2411632537841797
545 6581.32952038951 362 0.2414863109588623
546 6681.529249218235 362 0.24182605743408203
547 6723.164233874638 362 0.2421572208404541
548 6920.466039117365 362 0.24248838424682617
549 7120.466039117365 363 0.24283933639526367
550 7141.1477263297875 363 0.2431926727294922
551 1900.199728828725 369 0.2523179054260254
552 2100.199728828725 370 0.2524862289428711
553 2300.199728828725 371 0.2526247501373291
554 2500.199728828725 372 0.2527904510498047
555 2584.316575978069 372 0.25295567512512207
556 2648.621784246853 372 0.25313377380371094
557 2723.5351983106675 372 0.25330495834350586
558 2923.5351983106675 373 0.253476619720459
559 3123.5351983106675 374 0.25383615493774414
560 3186.9489245248824 374 0.254209041595459
561 3241.8146994425883 374 0.254549503326416
562 3264.663788477817 374 0.25486063957214355
563 3284.582617258981 374 0.25504422187805176
564 3484.582617258981 375 0.2552299499511719
565 3684.582617258981 376 0.2554311752319336
566 3774.989234700748 376 0.25563621520996094
567 3807.750789503288 376 0.2558455467224121
568 4007.750789503288 377 0.2562367916107178
569 4111.300659160166 377 0.2564578056335449
570 4248.592121652755 377 0.256669282913208
571 4448.592121652755 378 0.25688815116882324
572 4648.592121652755 379 0.25711774826049805
573 4701.082231676482 379 0.2573516368865967
574 4777.116678991446 379 0.2576017379760742
575 4818.820075679703 379 0.2578723430633545
576 4922.1190567707245 379 0.2582125663757324
577 5122.1190567707245 380 0.2585594654083252
578 5146.282556707128 380 0.25885605812072754
579 5346.282556707128 381 0.25916528701782227
580 5374.955174237057 381 0.25948023796081543
581 5446.834916462274 381 0.25982236862182617
582 5498.134640898989 381 0.2601771354675293
583 5698.134640898989 382 0.2605454921722412
584 5898.134640898989 383 0.2610163688659668
585 5998.029183904811 383 0.26148080825805664
586 6019.13697797074 383 0.2682342529296875
587 6091.028295520438 383 0.2711222171783447
588 6149.088548695884 383 0.27154541015625
589 6349.088548695884 384 0.2718372344970703
590 1533.7602110158473 388 0.29560208320617676
591 1733.7602110158473 389 0.2960031032562256
592 1933.7602110158473 390 0.29619455337524414
593 2133.7602110158473 391 0.29635095596313477
594 2333.7602110158473 392 0.29651832580566406
595 2453.6496062424253 392 0.29669690132141113
596 2518.9602163684795 392 0.296872615814209
597 2576.5646662108693 392 0.297060489654541
598 2662.6837658194945 392 0.2972402572631836
599 2799.2253114577884 392 0.2974221706390381
600 2919.4425484943295 392 0.2978200912475586
601 3119.4425484943295 393 0.2980353832244873
602 3165.802764845499 393 0.29822230339050293
603 3197.802764845499 393 0.29841041564941406
604 3397.802764845499 394 0.29859256744384766
605 3597.802764845499 395 0.29878783226013184
606 3797.802764845499 396 0.2989928722381592
607 3871.848716648895 396 0.2992093563079834
608 3928.202005201348 396 0.29942750930786133
609 4126.471056240675 396 0.29964280128479004
610 4326.471056240675 397 0.29986000061035156
611 4526.471056240675 398 0.30008864402770996
612 4592.03894185829 398 0.30032873153686523
613 4792.03894185829 399 0.3005690574645996
614 4992.03894185829 400 0.30081725120544434
615 5147.417000980116 400 0.30107879638671875
616 5172.711199220557 400 0.30133938789367676
617 5263.493449629806 400 0.30161595344543457
618 5321.206311461343 400 0.3018796443939209
619 5447.476454116495 400 0.30214500427246094
620 5560.185227387007 400 0.30240964889526367
621 1810.4973274079402 406 0.31238222122192383
622 1888.5090055343596 406 0.3125605583190918
623 2088.50900553436 407 0.3126978874206543
624 2175.8820531094134 407 0.3128376007080078
625 2268.193050291179 407 0.31297898292541504
626 2468.193050291179 408 0.31312084197998047
627 2539.4879559161436 408 0.31327152252197266
628 2739.4879559161436 409 0.31342411041259766
629 2778.3128661314977 409 0.3135948181152344
630 2978.3128661314977 410 0.3137693405151367
631 3047.1529193486863 410 0.31394529342651367
632 3122.6012312444927 410 0.3141207695007324
633 3322.6012312444927 411 0.31429624557495117
634 3410.584915806569 411 0.31447935104370117
635 3479.1784207505184 411 0.3146660327911377
636 3541.4573306553075 411 0.3148512840270996
637 3675.8324410132177 411 0.3150341510772705
638 3875.8324410132177 412 0.3152174949645996
639 4019.006620443921 412 0.3154151439666748
640 4219.006620443921 413 0.31561279296875
641 4338.291012412522 413 0.31582212448120117
642 4538.291012412522 414 0.31603431701660156
643 4667.221768256673 414 0.3162567615509033
644 4749.141843777778 414 0.3164834976196289
645 4793.187652471208 414 0.3167107105255127
646 4875.5442950272845 414 0.31693482398986816
647 5075.5442950272845 415 0.31719350814819336
648 5275.5442950272845 416 0.31762123107910156
649 5335.251461730035 416 0.3180844783782959
650 5424.933404796291 416 0.31833529472351074
651 5512.695970674503 416 0.31857991218566895
652 5577.343386415777 416 0.3188178539276123
653 5665.772418186929 416 0.319061279296875
